5.000000000000000000e-01 1.963858676142046789e-02
5.187969924812030342e-01 1.811157298182046113e-02
5.375939849624060685e-01 1.677226975332546041e-02
5.563909774436089917e-01 1.558816919867795150e-02
5.751879699248120259e-01 1.453388991987328641e-02
5.939849624060150601e-01 1.358931865707632865e-02
6.127819548872179833e-01 1.273830654207500600e-02
6.315789473684210176e-01 1.196773541726951079e-02
6.503759398496240518e-01 1.126683687096513738e-02
6.691729323308270860e-01 1.062668743221291227e-02
6.879699248120301203e-01 1.003982883527075771e-02
7.067669172932330435e-01 9.499978559987182561e-03
7.255639097744360777e-01 9.001806515470811218e-03
7.443609022556391119e-01 8.540760849322336090e-03
7.631578947368420351e-01 8.112930699624302036e-03
7.819548872180450694e-01 7.714937046988102481e-03
8.007518796992481036e-01 7.343845166482993944e-03
8.195488721804511378e-01 6.997093845069895374e-03
8.383458646616541721e-01 6.672437730006317361e-03
8.571428571428570953e-01 6.367900048185692538e-03
8.759398496240601295e-01 6.081733580808650931e-03
8.947368421052631637e-01 5.812388257556180306e-03
9.135338345864660869e-01 5.558484095062712731e-03
9.323308270676691212e-01 5.318788477979787335e-03
9.511278195488721554e-01 5.092196990098159931e-03
9.699248120300751896e-01 4.877717164232218267e-03
9.887218045112782239e-01 4.674454644797837281e-03
1.007518796992481036e+00 4.481601354942884967e-03
1.026315789473684070e+00 4.298425337193828230e-03
1.045112781954887105e+00 4.124261997659244873e-03
1.063909774436090139e+00 3.958506532516728287e-03
1.082706766917293173e+00 3.800607354517744271e-03
1.101503759398496207e+00 3.650060368691064767e-03
1.120300751879699241e+00 3.506403971884405803e-03
1.139097744360902276e+00 3.369214671507816082e-03
1.157894736842105310e+00 3.238103235792038227e-03
1.176691729323308344e+00 3.112711301787795919e-03
1.195488721804511378e+00 2.992708378816027765e-03
1.214285714285714191e+00 2.877789194584496474e-03
1.233082706766917225e+00 2.767671339092570189e-03
1.251879699248120259e+00 2.662093168038551748e-03
1.270676691729323293e+00 2.560811932974734004e-03
1.289473684210526327e+00 2.463602110093101802e-03
1.308270676691729140e+00 2.370253903440994441e-03
1.327067669172932174e+00 2.280571901676892773e-03
1.345864661654135208e+00 2.194373870287169917e-03
1.364661654135338242e+00 2.111489663569372007e-03
1.383458646616541277e+00 2.031760242734173116e-03
1.402255639097744311e+00 1.955036788213357704e-03
1.421052631578947345e+00 1.881179895766130943e-03
1.439849624060150379e+00 1.810058847256684538e-03
1.458646616541353414e+00 1.741550948086663343e-03
1.477443609022556448e+00 1.675540924226143419e-03
1.496240601503759482e+00 1.611920372614484166e-03
1.515037593984962294e+00 1.550587259428623955e-03
1.533834586466165328e+00 1.491445461338563368e-03
1.552631578947368363e+00 1.434404345424689520e-03
1.571428571428571397e+00 1.379378383910175683e-03
1.590225563909774431e+00 1.326286800282469288e-03
1.609022556390977465e+00 1.275053243754078938e-03
1.627819548872180277e+00 1.225605489338783523e-03
1.646616541353383312e+00 1.177875161111604412e-03
1.665413533834586346e+00 1.131797476480856865e-03
1.684210526315789380e+00 1.087311009532200426e-03
1.703007518796992414e+00 1.044357471705687412e-03
1.721804511278195449e+00 1.002881508259018594e-03
1.740601503759398483e+00 9.628305091272831070e-04
1.759398496240601517e+00 9.241544329417140024e-04
1.778195488721804551e+00 8.868056431020234073e-04
1.796992481203007364e+00 8.507387549120159001e-04
1.815789473684210398e+00 8.159104928989278221e-04
1.834586466165413432e+00 7.822795575273005673e-04
1.853383458646616466e+00 7.498065006044984980e-04
1.872180451127819500e+00 7.184536087490461537e-04
1.890977443609022535e+00 6.881847943593657167e-04
1.909774436090225569e+00 6.589654935791316309e-04
1.928571428571428381e+00 6.307625708041877596e-04
1.947368421052631415e+00 6.035442293250346769e-04
1.966165413533834450e+00 5.772799277329063259e-04
1.984962406015037484e+00 5.519403017544103089e-04
2.003759398496240518e+00 5.274970912067868415e-04
2.022556390977443552e+00 5.039230717911632714e-04
2.041353383458646586e+00 4.811919914620138420e-04
2.060150375939849621e+00 4.592785111291903806e-04
2.078947368421052655e+00 4.381581494628227218e-04
2.097744360902255245e+00 4.178072315863132972e-04
2.116541353383458279e+00 3.982028414511188047e-04
2.135338345864661314e+00 3.793227776977753439e-04
2.154135338345864348e+00 3.611455128148614293e-04
2.172932330827067382e+00 3.436501554140787736e-04
2.191729323308270416e+00 3.268164154470243939e-04
2.210526315789473450e+00 3.106245721927234998e-04
2.229323308270676485e+00 2.950554448516691324e-04
2.248120300751879519e+00 2.800903655865813902e-04
2.266917293233082553e+00 2.657111548529195676e-04
2.285714285714285587e+00 2.519000988700042490e-04
2.304511278195488622e+00 2.386399290854189406e-04
2.323308270676691656e+00 2.259138034909724091e-04
2.342105263157894690e+00 2.137052896534664015e-04
2.360902255639097724e+00 2.019983493289896441e-04
2.379699248120300759e+00 1.907773245324699280e-04
2.398496240601503793e+00 1.800269249421369204e-04
2.417293233082706827e+00 1.697322165217465709e-04
2.436090225563909861e+00 1.598786112500151654e-04
2.454887218045112895e+00 1.504518578521096199e-04
2.473684210526315930e+00 1.414380334330092603e-04
2.492481203007518964e+00 1.328235359193251244e-04
2.511278195488721554e+00 1.245950772209288655e-04
2.530075187969924588e+00 1.167396770292390218e-04
2.548872180451127623e+00 1.092446571761539762e-04
2.567669172932330657e+00 1.020976364807643693e-04
2.586466165413533691e+00 9.528652601851754392e-05
2.605263157894736725e+00 8.879952475120112508e-05
2.624060150375939759e+00 8.262511546255827245e-05
2.642857142857142794e+00 7.675206094801967501e-05
2.661654135338345828e+00 7.116940041237388055e-05
2.680451127819548862e+00 6.586644603440127679e-05
2.699248120300751896e+00 6.083277966010330672e-05
2.718045112781954931e+00 5.605824959194544350e-05
2.736842105263157965e+00 5.153296744476716060e-05
2.755639097744360555e+00 4.724730504190480473e-05
2.774436090225563589e+00 4.319189132996492804e-05
2.793233082706766623e+00 3.935760929243780184e-05
2.812030075187969658e+00 3.573559284606507520e-05
2.830827067669172692e+00 3.231722370641722361e-05
2.849624060150375726e+00 2.909412821145626255e-05
2.868421052631578760e+00 2.605817409405347410e-05
2.887218045112781795e+00 2.320146719712770211e-05
2.906015037593984829e+00 2.051634812595812593e-05
2.924812030075187863e+00 1.799538883445916094e-05
2.943609022556390897e+00 1.563138914397816303e-05
2.962406015037593932e+00 1.341737319361079728e-05
2.981203007518796966e+00 1.134658582306232453e-05
3.000000000000000000e+00 9.412488889771626599e-06
3.018796992481203034e+00 7.608757522192109367e-06
3.037593984962406068e+00 5.929276313728096047e-06
3.056390977443609103e+00 4.368135459805755055e-06
3.075187969924811693e+00 2.919626843836257029e-06
3.093984962406014727e+00 1.578240075826256695e-06
3.112781954887217761e+00 3.386584896105255338e-07
3.131578947368420796e+00 -8.042448965560124173e-07
3.150375939849623830e+00 -1.855411449644470925e-06
3.169172932330826864e+00 -2.819601017108848663e-06
3.187969924812029898e+00 -3.701396041009524650e-06
3.206766917293232932e+00 -4.505205685918467316e-06
3.225563909774435967e+00 -5.235269974717971608e-06
3.244360902255639001e+00 -5.895663926661525903e-06
3.263157894736842035e+00 -6.490301692264489564e-06
3.281954887218045069e+00 -7.022940679877504952e-06
3.300751879699248104e+00 -7.497185668338613362e-06
3.319548872180451138e+00 -7.916492901473053408e-06
3.338345864661654172e+00 -8.284174158861613653e-06
3.357142857142856762e+00 -8.603400799121830984e-06
3.375939849624059796e+00 -8.877207770880180229e-06
3.394736842105262831e+00 -9.108497587738922688e-06
3.413533834586465865e+00 -9.300044262850064211e-06
3.432330827067668899e+00 -9.454497200755789576e-06
3.451127819548871933e+00 -9.574385041482381476e-06
3.469924812030074968e+00 -9.662119455201364455e-06
3.488721804511278002e+00 -9.719998884006246742e-06
3.507518796992481036e+00 -9.750212228320258225e-06
3.526315789473684070e+00 -9.754842475178883402e-06
3.545112781954887105e+00 -9.735870267312204555e-06
3.563909774436090139e+00 -9.695177409406187499e-06
3.582706766917293173e+00 -9.634550311706668478e-06
3.601503759398496207e+00 -9.555683367570151599e-06
3.620300751879699241e+00 -9.460182265319166259e-06
3.639097744360902276e+00 -9.349567231897038864e-06
3.657894736842105310e+00 -9.225276208345827976e-06
3.676691729323307900e+00 -9.088667955366490638e-06
3.695488721804510934e+00 -8.941025089386956293e-06
3.714285714285713969e+00 -8.783557047462312912e-06
3.733082706766917003e+00 -8.617402981702500730e-06
3.751879699248120037e+00 -8.443634582488104658e-06
3.770676691729323071e+00 -8.263258830177151954e-06
3.789473684210526105e+00 -8.077220675682656961e-06
3.808270676691729140e+00 -7.886405650450732018e-06
3.827067669172932174e+00 -7.691642404808132381e-06
3.845864661654135208e+00 -7.493705176430896741e-06
3.864661654135338242e+00 -7.293316188398643323e-06
3.883458646616541277e+00 -7.091147978111162848e-06
3.902255639097744311e+00 -6.887825656594309062e-06
3.921052631578947345e+00 -6.683929100318202930e-06
3.939849624060150379e+00 -6.479995074793079835e-06
3.958646616541352969e+00 -6.276519291796468210e-06
3.977443609022556004e+00 -6.073958400499558507e-06
3.996240601503759038e+00 -5.872731913760896205e-06
4.015037593984962072e+00 -5.673224070391975953e-06
4.033834586466165106e+00 -5.475785634058503220e-06
4.052631578947368141e+00 -5.280735630550928837e-06
4.071428571428571175e+00 -5.088363023906495161e-06
4.090225563909774209e+00 -4.898928332678601801e-06
4.109022556390977243e+00 -4.712665187699274644e-06
4.127819548872180277e+00 -4.529781831817002319e-06
4.146616541353383312e+00 -4.350462563773848388e-06
4.165413533834586346e+00 -4.174869126398876775e-06
4.184210526315789380e+00 -4.003142041161566648e-06
4.203007518796992414e+00 -3.835401889660030224e-06
4.221804511278195449e+00 -3.671750543626691300e-06
4.240601503759398483e+00 -3.512272344727004008e-06
4.259398496240601517e+00 -3.357035235067780658e-06
4.278195488721804551e+00 -3.206091839855349790e-06
4.296992481203007586e+00 -3.059480503696805508e-06
4.315789473684210620e+00 -2.917226281145314153e-06
4.334586466165413654e+00 -2.779341883408621193e-06
4.353383458646616688e+00 -2.645828582004599667e-06
4.372180451127819723e+00 -2.516677070788553812e-06
4.390977443609022757e+00 -2.391868287489980366e-06
4.409774436090225791e+00 -2.271374196049982531e-06
4.428571428571428825e+00 -2.155158530901546556e-06
4.447368421052631859e+00 -2.043177504398907950e-06
4.466165413533834894e+00 -1.935380478451611971e-06
4.484962406015037928e+00 -1.831710601890637983e-06
4.503759398496240074e+00 -1.732105414260552897e-06
4.522556390977443108e+00 -1.636497417354569656e-06
4.541353383458646142e+00 -1.544814615943256935e-06
4.560150375939849177e+00 -1.456981028002592752e-06
4.578947368421052211e+00 -1.372917166492093351e-06
4.597744360902255245e+00 -1.292540492915758914e-06
4.616541353383458279e+00 -1.215765844170377976e-06
4.635338345864661314e+00 -1.142505833694427418e-06
4.654135338345864348e+00 -1.072671227629144137e-06
4.672932330827067382e+00 -1.006171297332746050e-06
4.691729323308270416e+00 -9.429141489046924680e-07
4.710526315789473450e+00 -8.828070309267945738e-07
4.729323308270676485e+00 -8.257566210513752767e-07
4.748120300751879519e+00 -7.716692927323094813e-07
4.766917293233082553e+00 -7.204513625107473014e-07
4.785714285714285587e+00 -6.720093190787241006e-07
4.804511278195488622e+00 -6.262500346843014576e-07
4.823308270676691656e+00 -5.830809600499682129e-07
4.842105263157894690e+00 -5.424103030919535643e-07
4.860902255639097724e+00 -5.041471925748128133e-07
4.879699248120300759e+00 -4.682018275392744120e-07
4.898496240601503793e+00 -4.344856126303544936e-07
4.917293233082706827e+00 -4.029112806398257494e-07
4.936090225563909861e+00 -3.733930030510254481e-07
4.954887218045112895e+00 -3.458464882064939887e-07
4.973684210526315930e+00 -3.201890689152783036e-07
4.992481203007518964e+00 -2.963397795986218058e-07
5.011278195488721110e+00 -2.742194235752256872e-07
5.030075187969924144e+00 -2.537506308949077405e-07
5.048872180451127178e+00 -2.348579077180651710e-07
5.067669172932330213e+00 -2.174676773567899892e-07
5.086466165413533247e+00 -2.015083137033670314e-07
5.105263157894736281e+00 -1.869101674109606605e-07
5.124060150375939315e+00 -1.736055855119885121e-07
5.142857142857142350e+00 -1.615289243717684836e-07
5.161654135338345384e+00 -1.506165575404487490e-07
5.180451127819548418e+00 -1.408068773893403903e-07
5.199248120300751452e+00 -1.320402921471753994e-07
5.218045112781954487e+00 -1.242592183948832374e-07
5.236842105263157521e+00 -1.174080690117764715e-07
5.255639097744360555e+00 -1.114332372626384095e-07
5.274436090225563589e+00 -1.062830773726895743e-07
5.293233082706766623e+00 -1.019078818330721173e-07
5.312030075187969658e+00 -9.825985557614144567e-08
5.330827067669172692e+00 -9.529308751188103153e-08
5.349624060150375726e+00 -9.296351971235399399e-08
5.368421052631578760e+00 -9.122891420025136857e-08
5.387218045112781795e+00 -9.004881821337068588e-08
5.406015037593984829e+00 -8.938452719366116030e-08
5.424812030075187863e+00 -8.919904677458406031e-08
5.443609022556390897e+00 -8.945705326415615678e-08
5.462406015037593932e+00 -9.012485282789434418e-08
5.481203007518796966e+00 -9.117034038478352734e-08
5.500000000000000000e+00 -9.256295698485476894e-08
5.518796992481203034e+00 -9.427364714469917203e-08
5.537593984962406068e+00 -9.627481544512655796e-08
5.556390977443609103e+00 -9.854028308421916426e-08
5.575187969924812137e+00 -1.010452439343364848e-07
5.593984962406015171e+00 -1.037662208545617416e-07
5.612781954887218205e+00 -1.066810216905899035e-07
5.631578947368420351e+00 -1.097686959658741055e-07
5.650375939849623386e+00 -1.130094913002220508e-07
5.669172932330826420e+00 -1.163848104972542306e-07
5.687969924812029454e+00 -1.198771687491393206e-07
5.706766917293232488e+00 -1.234701518921418175e-07
5.725563909774435523e+00 -1.271483744229984615e-07
5.744360902255638557e+00 -1.308974387501258514e-07
5.763157894736841591e+00 -1.347038950920624255e-07
5.781954887218044625e+00 -1.385552016600788264e-07
5.800751879699247660e+00 -1.424396859770293891e-07
5.819548872180450694e+00 -1.463465070365179910e-07
5.838345864661653728e+00 -1.502656178897331659e-07
5.857142857142856762e+00 -1.541877296341758708e-07
5.875939849624059796e+00 -1.581042758323026629e-07
5.894736842105262831e+00 -1.620073780797828514e-07
5.913533834586465865e+00 -1.658898124757586251e-07
5.932330827067668899e+00 -1.697449770689641106e-07
5.951127819548871933e+00 -1.735668599492729207e-07
5.969924812030074968e+00 -1.773500088238587999e-07
5.988721804511278002e+00 -1.810895010668072938e-07
6.007518796992481036e+00 -1.847809148994395352e-07
6.026315789473684070e+00 -1.884203017348324972e-07
6.045112781954887105e+00 -1.920041591631301524e-07
6.063909774436090139e+00 -1.955294048975060919e-07
6.082706766917293173e+00 -1.989933520657019835e-07
6.101503759398496207e+00 -2.023936849245300803e-07
6.120300751879699241e+00 -2.057284358165919767e-07
6.139097744360902276e+00 -2.089959629275212955e-07
6.157894736842105310e+00 -2.121949289300665602e-07
6.176691729323308344e+00 -2.153242805063924135e-07
6.195488721804511378e+00 -2.183832288843105073e-07
6.214285714285713524e+00 -2.213712309531359649e-07
6.233082706766916559e+00 -2.242879714116965561e-07
6.251879699248119593e+00 -2.271333456458117016e-07
6.270676691729322627e+00 -2.299074436112895573e-07
6.289473684210525661e+00 -2.326105338698979838e-07
6.308270676691728696e+00 -2.352430493801136087e-07
6.327067669172931730e+00 -2.378055729151718919e-07
6.345864661654134764e+00 -2.402988240527048485e-07
6.364661654135337798e+00 -2.427236464283802260e-07
6.383458646616540832e+00 -2.450809957975484663e-07
6.402255639097743867e+00 -2.473719286528843435e-07
6.421052631578946901e+00 -2.495975915185849714e-07
6.439849624060149935e+00 -2.517592108880883352e-07
6.458646616541352969e+00 -2.538580837615647346e-07
6.477443609022556004e+00 -2.558955686628967446e-07
6.496240601503759038e+00 -2.578730771070696865e-07
6.515037593984962072e+00 -2.597920659378976113e-07
6.533834586466165106e+00 -2.616540297468334702e-07
6.552631578947368141e+00 -2.634604941064584856e-07
6.571428571428571175e+00 -2.652130091384352401e-07
6.590225563909774209e+00 -2.669131433616068009e-07
6.609022556390977243e+00 -2.685624783023316881e-07
6.627819548872180277e+00 -2.701626033027991886e-07
6.646616541353383312e+00 -2.717151106059353389e-07
6.665413533834586346e+00 -2.732215909866778211e-07
6.684210526315789380e+00 -2.746836299851839190e-07
6.703007518796992414e+00 -2.761028036240546945e-07
6.721804511278195449e+00 -2.774806755241643502e-07
6.740601503759398483e+00 -2.788187935097442361e-07
6.759398496240601517e+00 -2.801186868733154211e-07
6.778195488721804551e+00 -2.813818639611425564e-07
6.796992481203007586e+00 -2.826098094011592601e-07
6.815789473684210620e+00 -2.838039828222343957e-07
6.834586466165412766e+00 -2.849658163432395677e-07
6.853383458646615800e+00 -2.860967133219211602e-07
6.872180451127818834e+00 -2.871980468131552657e-07
6.890977443609021869e+00 -2.882711584878283948e-07
6.909774436090224903e+00 -2.893173574651297139e-07
6.928571428571427937e+00 -2.903379195736037366e-07
6.947368421052630971e+00 -2.913340865239275718e-07
6.966165413533834005e+00 -2.923070653752709550e-07
6.984962406015037040e+00 -2.932580281962153016e-07
7.003759398496240074e+00 -2.941881116796072958e-07
7.022556390977443108e+00 -2.950984168660208452e-07
7.041353383458646142e+00 -2.959900093628589339e-07
7.060150375939849177e+00 -2.968639190601247821e-07
7.078947368421052211e+00 -2.977211404285705086e-07
7.097744360902255245e+00 -2.985626325723436696e-07
7.116541353383458279e+00 -2.993893196696624489e-07
7.135338345864661314e+00 -3.002020913000614907e-07
7.154135338345864348e+00 -3.010018026405600181e-07
7.172932330827067382e+00 -3.017892752501005281e-07
7.191729323308270416e+00 -3.025652973211933866e-07
7.210526315789473450e+00 -3.033306244244125724e-07
7.229323308270676485e+00 -3.040859801331374800e-07
7.248120300751879519e+00 -3.048320564153575388e-07
7.266917293233082553e+00 -3.055695146521278998e-07
7.285714285714285587e+00 -3.062989860945276701e-07
7.304511278195488622e+00 -3.070210726571825062e-07
7.323308270676691656e+00 -3.077363477486661227e-07
7.342105263157894690e+00 -3.084453569558343040e-07
7.360902255639097724e+00 -3.091486187657433558e-07
7.379699248120300759e+00 -3.098466255486544988e-07
7.398496240601503793e+00 -3.105398440992755867e-07
7.417293233082705939e+00 -3.112287166127224741e-07
7.436090225563908973e+00 -3.119136614604866932e-07
7.454887218045112007e+00 -3.125950738968487029e-07
7.473684210526315042e+00 -3.132733269538349545e-07
7.492481203007518076e+00 -3.139487722117187649e-07
7.511278195488721110e+00 -3.146217404670619143e-07
7.530075187969924144e+00 -3.152925427276870333e-07
7.548872180451127178e+00 -3.159614708185699043e-07
7.567669172932330213e+00 -3.166287981929579478e-07
7.586466165413533247e+00 -3.172947806381367613e-07
7.605263157894736281e+00 -3.179596570643644417e-07
7.624060150375939315e+00 -3.186236501903632789e-07
7.642857142857142350e+00 -3.192869672370026823e-07
7.661654135338345384e+00 -3.199498006916521303e-07
7.680451127819548418e+00 -3.206123288698436880e-07
7.699248120300751452e+00 -3.212747166529427312e-07
7.718045112781954487e+00 -3.219371160856426576e-07
7.736842105263157521e+00 -3.225996670905657685e-07
7.755639097744360555e+00 -3.232624978903579440e-07
7.774436090225563589e+00 -3.239257257502332478e-07
7.793233082706766623e+00 -3.245894575663784393e-07
7.812030075187969658e+00 -3.252537902695944550e-07
7.830827067669172692e+00 -3.259188115139770225e-07
7.849624060150375726e+00 -3.265846000612249847e-07
7.868421052631578760e+00 -3.272512263881860106e-07
7.887218045112781795e+00 -3.279187530849057525e-07
7.906015037593984829e+00 -3.285872354130886328e-07
7.924812030075187863e+00 -3.292567216530087632e-07
7.943609022556390897e+00 -3.299272535541977009e-07
7.962406015037593932e+00 -3.305988668126831389e-07
7.981203007518796966e+00 -3.312715914077161083e-07
8.000000000000000000e+00 -3.319454519824066730e-07
