5.000000000000000000e-01 1.631477083894539992e-01
5.187969924812030342e-01 1.444785114288671957e-01
5.375939849624060685e-01 1.284154302157490823e-01
5.563909774436089917e-01 1.145269176353185675e-01
5.751879699248120259e-01 1.024638628101073590e-01
5.939849624060150601e-01 9.194183990646485893e-02
6.127819548872179833e-01 8.272758837312571556e-02
6.315789473684210176e-01 7.462862371931952565e-02
6.503759398496240518e-01 6.748518705555456298e-02
6.691729323308270860e-01 6.116395790789802556e-02
6.879699248120301203e-01 5.555310786935482165e-02
7.067669172932330435e-01 5.055838210955960338e-02
7.255639097744360777e-01 4.609997482644917488e-02
7.443609022556391119e-01 4.211002236870965698e-02
7.631578947368420351e-01 3.853058016042214262e-02
7.819548872180450694e-01 3.531198101144755047e-02
8.007518796992481036e-01 3.241149591180859935e-02
8.195488721804511378e-01 2.979223612098304622e-02
8.383458646616541721e-01 2.742224880046220670e-02
8.571428571428570953e-01 2.527376870118708610e-02
8.759398496240601295e-01 2.332259630696039560e-02
8.947368421052631637e-01 2.154757893695308929e-02
9.135338345864660869e-01 1.993017605765537090e-02
9.323308270676691212e-01 1.845409376852637576e-02
9.511278195488721554e-01 1.710497634666447234e-02
9.699248120300751896e-01 1.587014504506841991e-02
9.887218045112782239e-01 1.473837617359388327e-02
1.007518796992481036e+00 1.369971195597034092e-02
1.026315789473684070e+00 1.274529883023914865e-02
1.045112781954887105e+00 1.186724880532406476e-02
1.063909774436090139e+00 1.105852025085005651e-02
1.082706766917293173e+00 1.031281511789670056e-02
1.101503759398496207e+00 9.624490094113818603e-03
1.120300751879699241e+00 8.988479610318927948e-03
1.139097744360902276e+00 8.400228955302780492e-03
1.157894736842105310e+00 7.855636035320858260e-03
1.176691729323308344e+00 7.351000545962407991e-03
1.195488721804511378e+00 6.882979515800570665e-03
1.214285714285714191e+00 6.448548340680431909e-03
1.233082706766917225e+00 6.044966560523041751e-03
1.251879699248120259e+00 5.669747741816979526e-03
1.270676691729323293e+00 5.320632922345639587e-03
1.289473684210526327e+00 4.995567153256505813e-03
1.308270676691729140e+00 4.692678739844011182e-03
1.327067669172932174e+00 4.410260838456971436e-03
1.345864661654135208e+00 4.146755114450877827e-03
1.364661654135338242e+00 3.900737206479590411e-03
1.383458646616541277e+00 3.670903776812446499e-03
1.402255639097744311e+00 3.456060956724123483e-03
1.421052631578947345e+00 3.255114021127085682e-03
1.439849624060150379e+00 3.067058148157918770e-03
1.458646616541353414e+00 2.890970137938459351e-03
1.477443609022556448e+00 2.726000980669154947e-03
1.496240601503759482e+00 2.571369177960399453e-03
1.515037593984962294e+00 2.426354733190922829e-03
1.533834586466165328e+00 2.290293736972754193e-03
1.552631578947368363e+00 2.162573482729783763e-03
1.571428571428571397e+00 2.042628055155456049e-03
1.590225563909774431e+00 1.929934341069773455e-03
1.609022556390977465e+00 1.824008418085993786e-03
1.627819548872180277e+00 1.724402281642523202e-03
1.646616541353383312e+00 1.630700875456845807e-03
1.665413533834586346e+00 1.542519394402684782e-03
1.684210526315789380e+00 1.459500832273113134e-03
1.703007518796992414e+00 1.381313749934704512e-03
1.721804511278195449e+00 1.307650242055666354e-03
1.740601503759398483e+00 1.238224082951249394e-03
1.759398496240601517e+00 1.172769034173148190e-03
1.778195488721804551e+00 1.111037298311064918e-03
1.796992481203007364e+00 1.052798105104383935e-03
1.815789473684210398e+00 9.978364174061890319e-04
1.834586466165413432e+00 9.459517458234320900e-04
1.853383458646616466e+00 8.969570619955864917e-04
1.872180451127819500e+00 8.506778014869246672e-04
1.890977443609022535e+00 8.069509481694606612e-04
1.909774436090225569e+00 7.656241927777901642e-04
1.928571428571428381e+00 7.265551590348737427e-04
1.947368421052631415e+00 6.896106913892818780e-04
1.966165413533834450e+00 6.546661989782914543e-04
1.984962406015037484e+00 6.216050509451316944e-04
2.003759398496240518e+00 5.903180186994524091e-04
2.022556390977443552e+00 5.607027611235560535e-04
2.041353383458646586e+00 5.326633490984036736e-04
2.060150375939849621e+00 5.061098260574300621e-04
2.078947368421052655e+00 4.809578015768639766e-04
2.097744360902255245e+00 4.571280752821428291e-04
2.116541353383458279e+00 4.345462885942950101e-04
2.135338345864661314e+00 4.131426020606844790e-04
2.154135338345864348e+00 3.928513962137125518e-04
2.172932330827067382e+00 3.736109940812390061e-04
2.191729323308270416e+00 3.553634036355119829e-04
2.210526315789473450e+00 3.380540786150843988e-04
2.229323308270676485e+00 3.216316962880836792e-04
2.248120300751879519e+00 3.060479508466801388e-04
2.266917293233082553e+00 2.912573612329058450e-04
2.285714285714285587e+00 2.772170922962281271e-04
2.304511278195488622e+00 2.638867882744508819e-04
2.323308270676691656e+00 2.512284176725021489e-04
2.342105263157894690e+00 2.392061286892551613e-04
2.360902255639097724e+00 2.277861144114307458e-04
2.379699248120300759e+00 2.169364870564812039e-04
2.398496240601503793e+00 2.066271606037323519e-04
2.417293233082706827e+00 1.968297412054717099e-04
2.436090225563909861e+00 1.875174248175851899e-04
2.454887218045112895e+00 1.786649015331704185e-04
2.473684210526315930e+00 1.702482661426748070e-04
2.492481203007518964e+00 1.622449344808553275e-04
2.511278195488721554e+00 1.546335651545369333e-04
2.530075187969924588e+00 1.473939862760367283e-04
2.548872180451127623e+00 1.405071268554773775e-04
2.567669172932330657e+00 1.339549525312351335e-04
2.586466165413533691e+00 1.277204053416985778e-04
2.605263157894736725e+00 1.217873472635019351e-04
2.624060150375939759e+00 1.161405072616285446e-04
2.642857142857142794e+00 1.107654316154039001e-04
2.661654135338345828e+00 1.056484373015484227e-04
2.680451127819548862e+00 1.007765682312654115e-04
2.699248120300751896e+00 9.613755415291268963e-05
2.718045112781954931e+00 9.171977204524897338e-05
2.736842105263157965e+00 8.751220983865630985e-05
2.755639097744360555e+00 8.350443231319765625e-05
2.774436090225563589e+00 7.968654903295792748e-05
2.793233082706766623e+00 7.604918418590567977e-05
2.812030075187969658e+00 7.258344820756426326e-05
2.830827067669172692e+00 6.928091107516106144e-05
2.849624060150375726e+00 6.613357716667862525e-05
2.868421052631578760e+00 6.313386158641716775e-05
2.887218045112781795e+00 6.027456786533450721e-05
2.906015037593984829e+00 5.754886695060436254e-05
2.924812030075187863e+00 5.495027740455829583e-05
2.943609022556390897e+00 5.247264673849091535e-05
2.962406015037593932e+00 5.011013381174132304e-05
2.981203007518796966e+00 4.785719223104508004e-05
3.000000000000000000e+00 4.570855468940963532e-05
3.018796992481203034e+00 4.365921818772304633e-05
3.037593984962406068e+00 4.170443008598808321e-05
3.056390977443609103e+00 3.983967493449715565e-05
3.075187969924811693e+00 3.806066203845247253e-05
3.093984962406014727e+00 3.636331371250280407e-05
3.112781954887217761e+00 3.474375418443451091e-05
3.131578947368420796e+00 3.319829910982907109e-05
3.150375939849623830e+00 3.172344566190349335e-05
3.169172932330826864e+00 3.031586316298828980e-05
3.187969924812029898e+00 2.897238422618836145e-05
3.206766917293232932e+00 2.768999637772242328e-05
3.225563909774435967e+00 2.646583413225713345e-05
3.244360902255639001e+00 2.529717149525335037e-05
3.263157894736842035e+00 2.418141486793027689e-05
3.281954887218045069e+00 2.311609633193856755e-05
3.300751879699248104e+00 2.209886729222189703e-05
3.319548872180451138e+00 2.112749245784457974e-05
3.338345864661654172e+00 2.019984414177823445e-05
3.357142857142856762e+00 1.931389686177670487e-05
3.375939849624059796e+00 1.846772222553321472e-05
3.394736842105262831e+00 1.765948408431047012e-05
3.413533834586465865e+00 1.688743394016755769e-05
3.432330827067668899e+00 1.614990659278303065e-05
3.451127819548871933e+00 1.544531601269322554e-05
3.469924812030074968e+00 1.477215142853384102e-05
3.488721804511278002e+00 1.412897361659409595e-05
3.507518796992481036e+00 1.351441138166918762e-05
3.526315789473684070e+00 1.292715821883174351e-05
3.545112781954887105e+00 1.236596914633902107e-05
3.563909774436090139e+00 1.182965770045217825e-05
3.582706766917293173e+00 1.131709308346950786e-05
3.601503759398496207e+00 1.082719745676949000e-05
3.620300751879699241e+00 1.035894337112340246e-05
3.639097744360902276e+00 9.911351326973517333e-06
3.657894736842105310e+00 9.483487457783084130e-06
3.676691729323307900e+00 9.074461329949859266e-06
3.695488721804510934e+00 8.683423853137949239e-06
3.714285714285713969e+00 8.309565295224124944e-06
3.733082706766917003e+00 7.952113396375988137e-06
3.751879699248120037e+00 7.610331577081945664e-06
3.770676691729323071e+00 7.283517235237936389e-06
3.789473684210526105e+00 6.971000127663807839e-06
3.808270676691729140e+00 6.672140831675372852e-06
3.827067669172932174e+00 6.386329282575996249e-06
3.845864661654135208e+00 6.112983383156258235e-06
3.864661654135338242e+00 5.851547681501724153e-06
3.883458646616541277e+00 5.601492113608397662e-06
3.902255639097744311e+00 5.362310807493653575e-06
3.921052631578947345e+00 5.133520945667863581e-06
3.939849624060150379e+00 4.914661682999545733e-06
3.958646616541352969e+00 4.705293117164777548e-06
3.977443609022556004e+00 4.504995309020914822e-06
3.996240601503759038e+00 4.313367350385501218e-06
4.015037593984962072e+00 4.130026476834166688e-06
4.033834586466165106e+00 3.954607223257044699e-06
4.052631578947368141e+00 3.786760620031861337e-06
4.071428571428571175e+00 3.626153427783938144e-06
4.090225563909774209e+00 3.472467408809375701e-06
4.109022556390977243e+00 3.325398633337767493e-06
4.127819548872180277e+00 3.184656818905528230e-06
4.146616541353383312e+00 3.049964701200385742e-06
4.165413533834586346e+00 2.921057434822297297e-06
4.184210526315789380e+00 2.797682022486088198e-06
4.203007518796992414e+00 2.679596771266897090e-06
4.221804511278195449e+00 2.566570774561157410e-06
4.240601503759398483e+00 2.458383418503719303e-06
4.259398496240601517e+00 2.354823911645877351e-06
4.278195488721804551e+00 2.255690836759892381e-06
4.296992481203007586e+00 2.160791723693102779e-06
4.315789473684210620e+00 2.069942642249260799e-06
4.334586466165413654e+00 1.982967814126300063e-06
4.353383458646616688e+00 1.899699242988668715e-06
4.372180451127819723e+00 1.819976361798658952e-06
4.390977443609022757e+00 1.743645696575071927e-06
4.409774436090225791e+00 1.670560545789145091e-06
4.428571428571428825e+00 1.600580674647088662e-06
4.447368421052631859e+00 1.533572023545973794e-06
4.466165413533834894e+00 1.469406430025118650e-06
4.484962406015037928e+00 1.407961363568755768e-06
4.503759398496240074e+00 1.349119672647593244e-06
4.522556390977443108e+00 1.292769343417122858e-06
4.541353383458646142e+00 1.238803269519240728e-06
4.560150375939849177e+00 1.187119032460847162e-06
4.578947368421052211e+00 1.137618692069020439e-06
4.597744360902255245e+00 1.090208586546776892e-06
4.616541353383458279e+00 1.044799141676714202e-06
4.635338345864661314e+00 1.001304688741893194e-06
4.654135338345864348e+00 9.596432907542642103e-07
4.672932330827067382e+00 9.197365766008488259e-07
4.691729323308270416e+00 8.815095827367657508e-07
4.710526315789473450e+00 8.448906020721396294e-07
4.729323308270676485e+00 8.098110397169664659e-07
4.748120300751879519e+00 7.762052752642048753e-07
4.766917293233082553e+00 7.440105313067297648e-07
4.785714285714285587e+00 7.131667478984114031e-07
4.804511278195488622e+00 6.836164626834569158e-07
4.823308270676691656e+00 6.553046964313536323e-07
4.842105263157894690e+00 6.281788437272966768e-07
4.860902255639097724e+00 6.021885685799021165e-07
4.879699248120300759e+00 5.772857047210045927e-07
4.898496240601503793e+00 5.534241603714291795e-07
4.917293233082706827e+00 5.305598272921760894e-07
4.936090225563909861e+00 5.086504938909353864e-07
4.954887218045112895e+00 4.876557622228255093e-07
4.973684210526315930e+00 4.675369686969708195e-07
4.992481203007518964e+00 4.482571083210412726e-07
5.011278195488721110e+00 4.297807623221125868e-07
5.030075187969924144e+00 4.120740289897889257e-07
5.048872180451127178e+00 3.951044575947701298e-07
5.067669172932330213e+00 3.788409852428919345e-07
5.086466165413533247e+00 3.632538765312366760e-07
5.105263157894736281e+00 3.483146658791201517e-07
5.124060150375939315e+00 3.339961024126947224e-07
5.142857142857142350e+00 3.202720972875490296e-07
5.161654135338345384e+00 3.071176733390555785e-07
5.180451127819548418e+00 2.945089169553335674e-07
5.199248120300751452e+00 2.824229320725634121e-07
5.218045112781954487e+00 2.708377961970270707e-07
5.236842105263157521e+00 2.597325183626674124e-07
5.255639097744360555e+00 2.490869989371631076e-07
5.274436090225563589e+00 2.388819911935283425e-07
5.293233082706766623e+00 2.290990645680584369e-07
5.312030075187969658e+00 2.197205695290843976e-07
5.330827067669172692e+00 2.107296039844621082e-07
5.349624060150375726e+00 2.021099811590240419e-07
5.368421052631578760e+00 1.938461988763686408e-07
5.387218045112781795e+00 1.859234101823600211e-07
5.406015037593984829e+00 1.783273952505698782e-07
5.424812030075187863e+00 1.710445345126160391e-07
5.443609022556390897e+00 1.640617829589495910e-07
5.462406015037593932e+00 1.573666455581166180e-07
5.481203007518796966e+00 1.509471537448819194e-07
5.500000000000000000e+00 1.447918429298501111e-07
5.518796992481203034e+00 1.388897309853662868e-07
5.537593984962406068e+00 1.332302976645224417e-07
5.556390977443609103e+00 1.278034649120476612e-07
5.575187969924812137e+00 1.225995780277201628e-07
5.593984962406015171e+00 1.176093876447128599e-07
5.612781954887218205e+00 1.128240324869776398e-07
5.631578947368420351e+00 1.082350228713865637e-07
5.650375939849623386e+00 1.038342249218882735e-07
5.669172932330826420e+00 9.961384546440992867e-08
5.687969924812029454e+00 9.556641757263020589e-08
5.706766917293232488e+00 9.168478673609313261e-08
5.725563909774435523e+00 8.796209762340411106e-08
5.744360902255638557e+00 8.439178141446894935e-08
5.763157894736841591e+00 8.096754367689788041e-08
5.781954887218044625e+00 7.768335276280642742e-08
5.800751879699247660e+00 7.453342870330204456e-08
5.819548872180450694e+00 7.151223257895723005e-08
5.838345864661653728e+00 6.861445634553277857e-08
5.857142857142856762e+00 6.583501309513610796e-08
5.875939849624059796e+00 6.316902773387792838e-08
5.894736842105262831e+00 6.061182805792965378e-08
5.913533834586465865e+00 5.815893621068480550e-08
5.932330827067668899e+00 5.580606050449214460e-08
5.951127819548871933e+00 5.354908759115945102e-08
5.969924812030074968e+00 5.138407496612244693e-08
5.988721804511278002e+00 4.930724379184114145e-08
6.007518796992481036e+00 4.731497202662029488e-08
6.026315789473684070e+00 4.540378784565890998e-08
6.045112781954887105e+00 4.357036334171335250e-08
6.063909774436090139e+00 4.181150849331274895e-08
6.082706766917293173e+00 4.012416538899469178e-08
6.101503759398496207e+00 3.850540269653479551e-08
6.120300751879699241e+00 3.695241036662650888e-08
6.139097744360902276e+00 3.546249456092887717e-08
6.157894736842105310e+00 3.403307279484130577e-08
6.176691729323308344e+00 3.266166928578455744e-08
6.195488721804511378e+00 3.134591049817073425e-08
6.214285714285713524e+00 3.008352087662858195e-08
6.233082706766916559e+00 2.887231875941827871e-08
6.251879699248119593e+00 2.771021246432162682e-08
6.270676691729322627e+00 2.659519653962742630e-08
6.289473684210525661e+00 2.552534817315448560e-08
6.308270676691728696e+00 2.449882375255982863e-08
6.327067669172931730e+00 2.351385557047331318e-08
6.345864661654134764e+00 2.256874866827960817e-08
6.364661654135337798e+00 2.166187781263617625e-08
6.383458646616540832e+00 2.079168459907189397e-08
6.402255639097743867e+00 1.995667467725538048e-08
6.421052631578946901e+00 1.915541509275602545e-08
6.439849624060149935e+00 1.838653174034432064e-08
6.458646616541352969e+00 1.764870692409157474e-08
6.477443609022556004e+00 1.694067701973387803e-08
6.496240601503759038e+00 1.626123023496010675e-08
6.515037593984962072e+00 1.560920446347098121e-08
6.533834586466165106e+00 1.498348522883465428e-08
6.552631578947368141e+00 1.438300371433507973e-08
6.571428571428571175e+00 1.380673487517320030e-08
6.590225563909774209e+00 1.325369562953663577e-08
6.609022556390977243e+00 1.272294312520353903e-08
6.627819548872180277e+00 1.221357307848894379e-08
6.646616541353383312e+00 1.172471818247863572e-08
6.665413533834586346e+00 1.125554658162646346e-08
6.684210526315789380e+00 1.080526040991592033e-08
6.703007518796992414e+00 1.037309438990661474e-08
6.721804511278195449e+00 9.958314490100591841e-09
6.740601503759398483e+00 9.560216638172999379e-09
6.759398496240601517e+00 9.178125487716316452e-09
6.778195488721804551e+00 8.811393236247639978e-09
6.796992481203007586e+00 8.459398492324176994e-09
6.815789473684210620e+00 8.121545189704192580e-09
6.834586466165412766e+00 7.797261546578016770e-09
6.853383458646615800e+00 7.485999067977957191e-09
6.872180451127818834e+00 7.187231589556331396e-09
6.890977443609021869e+00 6.900454360997453749e-09
6.909774436090224903e+00 6.625183167403324469e-09
6.928571428571427937e+00 6.360953487062965447e-09
6.947368421052630971e+00 6.107319684082830514e-09
6.966165413533834005e+00 5.863854234420152715e-09
6.984962406015037040e+00 5.630146983922848459e-09
7.003759398496240074e+00 5.405804437038664057e-09
7.022556390977443108e+00 5.190449074912759034e-09
7.041353383458646142e+00 4.983718701647096750e-09
7.060150375939849177e+00 4.785265817546744793e-09
7.078947368421052211e+00 4.594757018227810954e-09
7.097744360902255245e+00 4.411872418509207550e-09
7.116541353383458279e+00 4.236305100055816818e-09
7.135338345864661314e+00 4.067760581784221676e-09
7.154135338345864348e+00 3.905956312083688152e-09
7.172932330827067382e+00 3.750621181945035288e-09
7.191729323308270416e+00 3.601495058128146872e-09
7.210526315789473450e+00 3.458328335535451914e-09
7.229323308270676485e+00 3.320881507993621848e-09
7.248120300751879519e+00 3.188924756679304414e-09
7.266917293233082553e+00 3.062237555456723982e-09
7.285714285714285587e+00 2.940608292425709498e-09
7.304511278195488622e+00 2.823833907008127019e-09
7.323308270676691656e+00 2.711719541928811313e-09
7.342105263157894690e+00 2.604078209474112952e-09
7.360902255639097724e+00 2.500730471436921635e-09
7.379699248120300759e+00 2.401504132181839022e-09
7.398496240601503793e+00 2.306233944287770095e-09
7.417293233082705939e+00 2.214761326247944146e-09
7.436090225563908973e+00 2.126934091729047814e-09
7.454887218045112007e+00 2.042606189912023165e-09
7.473684210526315042e+00 1.961637456456893977e-09
7.492481203007518076e+00 1.883893374653186367e-09
7.511278195488721110e+00 1.809244846335711425e-09
7.530075187969924144e+00 1.737567972163010799e-09
7.548872180451127178e+00 1.668743840872529872e-09
7.567669172932330213e+00 1.602658327142653188e-09
7.586466165413533247e+00 1.539201897707112009e-09
7.605263157894736281e+00 1.478269425382027913e-09
7.624060150375939315e+00 1.419760010679964083e-09
7.642857142857142350e+00 1.363576810698897531e-09
7.661654135338345384e+00 1.309626874986966727e-09
7.680451127819548418e+00 1.257820988096280806e-09
7.699248120300751452e+00 1.208073518550962903e-09
7.718045112781954487e+00 1.160302273965998092e-09
7.736842105263157521e+00 1.114428362064372095e-09
7.755639097744360555e+00 1.070376057350454269e-09
7.774436090225563589e+00 1.028072673207593676e-09
7.793233082706766623e+00 9.874484391975086775e-10
7.812030075187969658e+00 9.484363833482472992e-10
7.830827067669172692e+00 9.109722192263151977e-10
7.849624060150375726e+00 8.749942313911174253e-10
7.868421052631578760e+00 8.404431965390016968e-10
7.887218045112781795e+00 8.072622457586384977e-10
7.906015037593984829e+00 7.753967944847713465e-10
7.924812030075187863e+00 7.447944442317480651e-10
7.943609022556390897e+00 7.154048945274831252e-10
7.962406015037593932e+00 6.871798584185980652e-10
7.981203007518796966e+00 6.600729814008516830e-10
8.000000000000000000e+00 6.340397636349720796e-10
