5.000000000000000000e-01 -1.864461811625695853e-01
5.187969924812030342e-01 -1.427346289383084887e-01
5.375939849624060685e-01 -1.092710731382181555e-01
5.563909774436089917e-01 -8.365291249636776227e-02
5.751879699248120259e-01 -6.404082588512097218e-02
5.939849624060150601e-01 -4.902671356752172360e-02
6.127819548872179833e-01 -3.753259908833048858e-02
6.315789473684210176e-01 -2.873323320734575900e-02
6.503759398496240518e-01 -2.199684302717019868e-02
6.691729323308270860e-01 -1.683977224805544015e-02
6.879699248120301203e-01 -1.289175583133028193e-02
7.067669172932330435e-01 -9.869335877379804139e-03
7.255639097744360777e-01 -7.555510043389117476e-03
7.443609022556391119e-01 -5.784151307140378631e-03
7.631578947368420351e-01 -4.428080454100823821e-03
7.819548872180450694e-01 -3.389934921616642206e-03
8.007518796992481036e-01 -2.595178405612224432e-03
8.195488721804511378e-01 -1.986749336693503700e-03
8.383458646616541721e-01 -1.520963999359768292e-03
8.571428571428570953e-01 -1.164380148327359959e-03
8.759398496240601295e-01 -8.913959373065648414e-04
8.947368421052631637e-01 -6.824117692044807731e-04
9.135338345864660869e-01 -5.224230931048474491e-04
9.323308270676691212e-01 -3.999431142979817670e-04
9.511278195488721554e-01 -3.061780705820876412e-04
9.699248120300751896e-01 -2.343958616962815028e-04
9.887218045112782239e-01 -1.794427010265331902e-04
1.007518796992481036e+00 -1.373730863619963176e-04
1.026315789473684070e+00 -1.051665225092107057e-04
1.045112781954887105e+00 -8.051065714237329969e-05
1.063909774436090139e+00 -6.163525957539464162e-05
1.082706766917293173e+00 -4.718512253860223380e-05
1.101503759398496207e+00 -3.612276161925539883e-05
1.120300751879699241e+00 -2.765392642424627120e-05
1.139097744360902276e+00 -2.117057534908898807e-05
1.157894736842105310e+00 -1.620721968141528686e-05
1.176691729323308344e+00 -1.240750265263614471e-05
1.195488721804511378e+00 -9.498613895614802877e-06
1.214285714285714191e+00 -7.271702329138546277e-06
1.233082706766917225e+00 -5.566881162314707544e-06
1.251879699248120259e+00 -4.261748414969242722e-06
1.270676691729323293e+00 -3.262598755555416592e-06
1.289473684210526327e+00 -2.497695688080304924e-06
1.308270676691729140e+00 -1.912121047564412025e-06
1.327067669172932174e+00 -1.463832010435555497e-06
1.345864661654135208e+00 -1.120642522870204379e-06
1.364661654135338242e+00 -8.579124210374576281e-07
1.383458646616541277e+00 -6.567783277447513382e-07
1.402255639097744311e+00 -5.027993082015981893e-07
1.421052631578947345e+00 -3.849200463055718373e-07
1.439849624060150379e+00 -2.946771000497821423e-07
1.458646616541353414e+00 -2.255912471360740108e-07
1.477443609022556448e+00 -1.727022926987259029e-07
1.496240601503759482e+00 -1.322129394736917784e-07
1.515037593984962294e+00 -1.012161511646396631e-07
1.533834586466165328e+00 -7.748643436387493416e-08
1.552631578947368363e+00 -5.932005358177138942e-08
1.571428571428571397e+00 -4.541270721555832471e-08
1.590225563909774431e+00 -3.476588189191650204e-08
1.609022556390977465e+00 -2.661516165476698216e-08
1.627819548872180277e+00 -2.037534477369565275e-08
1.646616541353383312e+00 -1.559842769441183658e-08
1.665413533834586346e+00 -1.194143948189313583e-08
1.684210526315789380e+00 -9.141817348090932243e-09
1.703007518796992414e+00 -6.998555287457447990e-09
1.721804511278195449e+00 -5.357772338541302847e-09
1.740601503759398483e+00 -4.101664308215679238e-09
1.759398496240601517e+00 -3.140045719425021471e-09
1.778195488721804551e+00 -2.403874715034562404e-09
1.796992481203007364e+00 -1.840296021753673974e-09
1.815789473684210398e+00 -1.408846071095553384e-09
1.834586466165413432e+00 -1.078547814361928436e-09
1.853383458646616466e+00 -8.256866464909889338e-10
1.872180451127819500e+00 -6.321077555535778344e-10
1.890977443609022535e+00 -4.839126517656987572e-10
1.909774436090225569e+00 -3.704612899960883026e-10
1.928571428571428381e+00 -2.836081406113268002e-10
1.947368421052631415e+00 -2.171173604180429647e-10
1.966165413533834450e+00 -1.662150744096647999e-10
1.984962406015037484e+00 -1.272466232447550617e-10
2.003759398496240518e+00 -9.741416766619786021e-11
2.022556390977443552e+00 -7.457581050182605064e-11
2.041353383458646586e+00 -5.709181369861558094e-11
2.060150375939849621e+00 -4.370686915052190639e-11
2.078947368421052655e+00 -3.345997065402681945e-11
2.097744360902255245e+00 -2.561541601876489394e-11
2.116541353383458279e+00 -1.960998545393012606e-11
2.135338345864661314e+00 -1.501250376810757597e-11
2.154135338345864348e+00 -1.149288304761468651e-11
2.172932330827067382e+00 -8.798423153554978911e-12
2.191729323308270416e+00 -6.735668471374467015e-12
2.210526315789473450e+00 -5.156518272019768962e-12
2.229323308270676485e+00 -3.947593442681407365e-12
2.248120300751879519e+00 -3.022096144458595520e-12
2.266917293233082553e+00 -2.313577940323019952e-12
2.285714285714285587e+00 -1.771168960247704142e-12
2.304511278195488622e+00 -1.355925569253534612e-12
2.323308270676691656e+00 -1.038034309893512123e-12
2.342105263157894690e+00 -7.946713690997707452e-13
2.360902255639097724e+00 -6.083638843610977369e-13
2.379699248120300759e+00 -4.657354350317026288e-13
2.398496240601503793e+00 -3.565456481230286832e-13
2.417293233082706827e+00 -2.729549646288268548e-13
2.436090225563909861e+00 -2.089617784082905198e-13
2.454887218045112895e+00 -1.599715355788905998e-13
2.473684210526315930e+00 -1.224668568118059965e-13
2.492481203007518964e+00 -9.375499811944290713e-14
2.511278195488721554e+00 -7.177451843876698565e-14
2.530075187969924588e+00 -5.494727321687788790e-14
2.548872180451127623e+00 -4.206510750115277009e-14
2.567669172932330657e+00 -3.220311337560661487e-14
2.586466165413533691e+00 -2.465322384006143134e-14
2.605263157894736725e+00 -1.887337533545943089e-14
2.624060150375939759e+00 -1.444858890926446388e-14
2.642857142857142794e+00 -1.106117574404926600e-14
2.661654135338345828e+00 -8.467927879261078635e-15
2.680451127819548862e+00 -6.482656475912526837e-15
2.699248120300751896e+00 -4.962823914409325147e-15
2.718045112781954931e+00 -3.799309942914459841e-15
2.736842105263157965e+00 -2.908577110789270077e-15
2.755639097744360555e+00 -2.226672984441440139e-15
2.774436090225563589e+00 -1.704638519380997115e-15
2.793233082706766623e+00 -1.304992920856034775e-15
2.812030075187969658e+00 -9.990426146786609433e-16
2.830827067669172692e+00 -7.648211189446676661e-16
2.849624060150375726e+00 -5.855119044865940137e-16
2.868421052631578760e+00 -4.482410093075934904e-16
2.887218045112781795e+00 -3.431527196723102546e-16
2.906015037593984829e+00 -2.627019540233512513e-16
2.924812030075187863e+00 -2.011125446232481553e-16
2.943609022556390897e+00 -1.539625228719960181e-16
2.962406015037593932e+00 -1.178666328026240483e-16
2.981203007518796966e+00 -9.023327800219880223e-17
3.000000000000000000e+00 -6.907845134302310719e-17
3.018796992481203034e+00 -5.288328813494024698e-17
3.037593984962406068e+00 -4.048501536428192397e-17
3.056390977443609103e+00 -3.099346744218871419e-17
3.075187969924811693e+00 -2.372717449769083976e-17
3.093984962406014727e+00 -1.816443451169107684e-17
3.112781954887217761e+00 -1.390585639101811690e-17
3.131578947368420796e+00 -1.064568466709814335e-17
3.150375939849623830e+00 -8.149847002913840843e-18
3.169172932330826864e+00 -6.239148373066395864e-18
3.187969924812029898e+00 -4.776405300273692187e-18
3.206766917293232932e+00 -3.656596418025218236e-18
3.225563909774435967e+00 -2.799322193941289316e-18
3.244360902255639001e+00 -2.143032440458451739e-18
3.263157894736842035e+00 -1.640607162261387783e-18
3.281954887218045069e+00 -1.255973456140281742e-18
3.300751879699248104e+00 -9.615155649781609445e-19
3.319548872180451138e+00 -7.360921340936404699e-19
3.338345864661654172e+00 -5.635183138058098173e-19
3.357142857142856762e+00 -4.314037269064830726e-19
3.375939849624059796e+00 -3.302628699533928964e-19
3.394736842105262831e+00 -2.528340773780454176e-19
3.413533834586465865e+00 -1.935581517008833315e-19
3.432330827067668899e+00 -1.481792267813781133e-19
3.451127819548871933e+00 -1.134392070629957186e-19
3.469924812030074968e+00 -8.684384429989699709e-20
3.488721804511278002e+00 -6.648365664788735555e-20
3.507518796992481036e+00 -5.089683254935533633e-20
3.526315789473684070e+00 -3.896427624727306853e-20
3.545112781954887105e+00 -2.982925945345546591e-20
3.563909774436090139e+00 -2.283591035785864222e-20
3.582706766917293173e+00 -1.748212364057676927e-20
3.601503759398496207e+00 -1.338351054085475392e-20
3.620300751879699241e+00 -1.024580068644678403e-20
3.639097744360902276e+00 -7.843714202334366438e-21
3.657894736842105310e+00 -6.004787168003921132e-21
3.676691729323307900e+00 -4.596989130773497788e-21
3.695488721804510934e+00 -3.519243642980667740e-21
3.714285714285713969e+00 -2.694171220843372882e-21
3.733082706766917003e+00 -2.062533687230871985e-21
3.751879699248120037e+00 -1.578981015776152448e-21
3.770676691729323071e+00 -1.208795310164760240e-21
3.789473684210526105e+00 -9.253981442950143085e-22
3.808270676691729140e+00 -7.084422964446636534e-22
3.827067669172932174e+00 -5.423508686351804677e-22
3.845864661654135208e+00 -4.151989035458620966e-22
3.864661654135338242e+00 -3.178572018138415934e-22
3.883458646616541277e+00 -2.433368679013527453e-22
3.902255639097744311e+00 -1.862875245303360016e-22
3.921052631578947345e+00 -1.426131687110774337e-22
3.939849624060150379e+00 -1.091780887694498594e-22
3.958646616541352969e+00 -8.358172793634990742e-23
3.977443609022556004e+00 -6.398633025696182955e-23
3.996240601503759038e+00 -4.898499421872347241e-23
4.015037593984962072e+00 -3.750066067192971493e-23
4.033834586466165106e+00 -2.870878262334668804e-23
4.052631578947368141e+00 -2.197812478358544895e-23
4.071428571428571175e+00 -1.682544242088614698e-23
4.090225563909774209e+00 -1.288078557411710434e-23
4.109022556390977243e+00 -9.860937552550027885e-24
4.127819548872180277e+00 -7.549080671809545798e-24
4.146616541353383312e+00 -5.779229275694143583e-24
4.165413533834586346e+00 -4.424312372997070942e-24
4.184210526315789380e+00 -3.387050251870135537e-24
4.203007518796992414e+00 -2.592970035007304890e-24
4.221804511278195449e+00 -1.985058709634881821e-24
4.240601503759398483e+00 -1.519669732969425504e-24
4.259398496240601517e+00 -1.163389317451551117e-24
4.278195488721804551e+00 -8.906374027175595953e-25
4.296992481203007586e+00 -6.818310699784467147e-25
4.315789473684210620e+00 -5.219785364610137149e-25
4.334586466165413654e+00 -3.996027821592179465e-25
4.353383458646616688e+00 -3.059175279351986315e-25
4.372180451127819723e+00 -2.341964022179791806e-25
4.390977443609022757e+00 -1.792900040152760502e-25
4.409774436090225791e+00 -1.372561885467349629e-25
4.428571428571428825e+00 -1.050770309133997548e-25
4.447368421052631859e+00 -8.044214648883524002e-26
4.466165413533834894e+00 -6.158281096716816536e-26
4.484962406015037928e+00 -4.714497029420214210e-26
4.503759398496240074e+00 -3.609202290597266316e-26
4.522556390977443108e+00 -2.763039427782679576e-26
4.541353383458646142e+00 -2.115256021911219839e-26
4.560150375939849177e+00 -1.619342812571568884e-26
4.578947368421052211e+00 -1.239694447132614059e-26
4.597744360902255245e+00 -9.490531037161193281e-27
4.616541353383458279e+00 -7.265514464120595343e-27
4.635338345864661314e+00 -5.562144017194656513e-27
4.654135338345864348e+00 -4.258121874341142723e-27
4.672932330827067382e+00 -3.259822442693141378e-27
4.691729323308270416e+00 -2.495570270526862448e-27
4.710526315789473450e+00 -1.910493925550244463e-27
4.729323308270676485e+00 -1.462586360589137199e-27
4.748120300751879519e+00 -1.119688910586446635e-27
4.766917293233082553e+00 -8.571823792923007771e-28
4.785714285714285587e+00 -6.562194413307020638e-28
4.804511278195488622e+00 -5.023714504443037618e-28
4.823308270676691656e+00 -3.845924980670118735e-28
4.842105263157894690e+00 -2.944263441694581693e-28
4.860902255639097724e+00 -2.253992799565451959e-28
4.879699248120300759e+00 -1.725553314471323725e-28
4.898496240601503793e+00 -1.321004326924651522e-28
4.917293233082706827e+00 -1.011300211427139490e-28
4.936090225563909861e+00 -7.742049717683681427e-29
4.954887218045112895e+00 -5.926957510124432264e-29
4.973684210526315930e+00 -4.537406321039552519e-29
4.992481203007518964e+00 -3.473629781728846497e-29
5.011278195488721110e+00 -2.659251344664530196e-29
5.030075187969924144e+00 -2.035800634626216250e-29
5.048872180451127178e+00 -1.558515419108410960e-29
5.067669172932330213e+00 -1.193127789767409095e-29
5.086466165413533247e+00 -9.134038106146190598e-30
5.105263157894736281e+00 -6.992599857287376182e-30
5.124060150375939315e+00 -5.353213134860131406e-30
5.142857142857142350e+00 -4.098173991376625450e-30
5.161654135338345384e+00 -3.137373693236043111e-30
5.180451127819548418e+00 -2.401829134566169955e-30
5.199248120300751452e+00 -1.838730019343212484e-30
5.218045112781954487e+00 -1.407647211609234672e-30
5.236842105263157521e+00 -1.077630022627806735e-30
5.255639097744360555e+00 -8.249840273126608245e-31
5.274436090225563589e+00 -6.315698625965931076e-31
5.293233082706766623e+00 -4.835008656344660506e-31
5.312030075187969658e+00 -3.701460454559363490e-31
5.330827067669172692e+00 -2.833668038771417522e-31
5.349624060150375726e+00 -2.169326041039772248e-31
5.368421052631578760e+00 -1.660736334653244196e-31
5.387218045112781795e+00 -1.271383425570986750e-31
5.406015037593984829e+00 -9.733127294731834895e-32
5.424812030075187863e+00 -7.451235011413410131e-32
5.443609022556390897e+00 -5.704323134185690432e-32
5.462406015037593932e+00 -4.366967673058771438e-32
5.481203007518796966e+00 -3.343149784634871935e-32
5.500000000000000000e+00 -2.559361854555595611e-32
5.518796992481203034e+00 -1.959329831005362905e-32
5.537593984962406068e+00 -1.499972885754405347e-32
5.556390977443609103e+00 -1.148310316310532580e-32
5.575187969924812137e+00 -8.790936123368547129e-33
5.593984962406015171e+00 -6.729936745099080783e-33
5.612781954887218205e+00 -5.152130325760987184e-33
5.631578947368420351e+00 -3.944234232655567927e-33
5.650375939849623386e+00 -3.019524487621388162e-33
5.669172932330826420e+00 -2.311609198018252901e-33
5.687969924812029454e+00 -1.769661781604536275e-33
5.706766917293232488e+00 -1.354771742540458972e-33
5.725563909774435523e+00 -1.037150993181302341e-33
5.744360902255638557e+00 -7.939951424140530678e-34
5.763157894736841591e+00 -6.078461962836963588e-34
5.781954887218044625e+00 -4.653391168278493370e-34
5.800751879699247660e+00 -3.562422451173178375e-34
5.819548872180450694e+00 -2.727226932292793867e-34
5.838345864661653728e+00 -2.087839620978628197e-34
5.857142857142856762e+00 -1.598354075824370534e-34
5.875939849624059796e+00 -1.223626434729186052e-34
5.894736842105262831e+00 -9.367521717588181174e-35
5.913533834586465865e+00 -7.171344181437795087e-35
5.932330827067668899e+00 -5.490051575976782698e-35
5.951127819548871933e+00 -4.202931214053461074e-35
5.969924812030074968e+00 -3.217571009234422808e-35
5.988721804511278002e+00 -2.463224514559979741e-35
6.007518796992481036e+00 -1.885731501096822597e-35
6.026315789473684070e+00 -1.443629386281970126e-35
6.045112781954887105e+00 -1.105176322145886268e-35
6.063909774436090139e+00 -8.460722084479240988e-36
6.082706766917293173e+00 -6.477140050539871752e-36
6.101503759398496207e+00 -4.958600792628503653e-36
6.120300751879699241e+00 -3.796076914935053949e-36
6.139097744360902276e+00 -2.906102053128607643e-36
6.157894736842105310e+00 -2.224778194027398969e-36
6.176691729323308344e+00 -1.703187954907253907e-36
6.195488721804511378e+00 -1.303882435349592307e-36
6.214285714285713524e+00 -9.981924780026915203e-37
6.233082706766916559e+00 -7.641702933700393758e-37
6.251879699248119593e+00 -5.850136623326444211e-37
6.270676691729322627e+00 -4.478595780091813104e-37
6.289473684210525661e+00 -3.428607133973367128e-37
6.308270676691728696e+00 -2.624784074371650044e-37
6.327067669172931730e+00 -2.009414076290187350e-37
6.345864661654134764e+00 -1.538315082531047124e-37
6.364661654135337798e+00 -1.177663340306334304e-37
6.383458646616540832e+00 -9.015649387117556535e-38
6.402255639097743867e+00 -6.901966894060749936e-38
6.421052631578946901e+00 -5.283828702875236033e-38
6.439849624060149935e+00 -4.045056458522337416e-38
6.458646616541352969e+00 -3.096709350878371545e-38
6.477443609022556004e+00 -2.370698382618035080e-38
6.496240601503759038e+00 -1.814897746136134440e-38
6.515037593984962072e+00 -1.389402318355011208e-38
6.533834586466165106e+00 -1.063662570720653341e-38
6.552631578947368141e+00 -8.142911879487638397e-39
6.571428571428571175e+00 -6.233839161246172452e-39
6.590225563909774209e+00 -4.772340811666868709e-39
6.609022556390977243e+00 -3.653484832314524837e-39
6.627819548872180277e+00 -2.796940106901157914e-39
6.646616541353383312e+00 -2.141208824079472450e-39
6.665413533834586346e+00 -1.639211085358344915e-39
6.684210526315789380e+00 -1.254904683814226967e-39
6.703007518796992414e+00 -9.606973619963188330e-40
6.721804511278195449e+00 -7.354657554878718581e-40
6.740601503759398483e+00 -5.630387871278562497e-40
6.759398496240601517e+00 -4.310366233164953063e-40
6.778195488721804551e+00 -3.299818323136164122e-40
6.796992481203007586e+00 -2.526189278749534876e-40
6.815789473684210620e+00 -1.933934431276164333e-40
6.834586466165412766e+00 -1.480531334661853877e-40
6.853383458646615800e+00 -1.133426758149778587e-40
6.872180451127818834e+00 -8.676994441210702277e-41
6.890977443609021869e+00 -6.642708228955818335e-41
6.909774436090224903e+00 -5.085352182025816176e-41
6.928571428571427937e+00 -3.893111954324062982e-41
6.947368421052630971e+00 -2.980387620442683273e-41
6.966165413533834005e+00 -2.281647810878424688e-41
6.984962406015037040e+00 -1.746724720361369888e-41
7.003759398496240074e+00 -1.337212182430059304e-41
7.022556390977443108e+00 -1.023708200837407860e-41
7.041353383458646142e+00 -7.837039583032591959e-42
7.060150375939849177e+00 -5.999677386170886422e-42
7.078947368421052211e+00 -4.593077316600892299e-42
7.097744360902255245e+00 -3.516248937801266045e-42
7.116541353383458279e+00 -2.691878612167297671e-42
7.135338345864661314e+00 -2.060778571375762570e-42
7.154135338345864348e+00 -1.577637379726539030e-42
7.172932330827067382e+00 -1.207766684146380632e-42
7.191729323308270416e+00 -9.246106754815917983e-43
7.210526315789473450e+00 -7.078394465059605414e-43
7.229323308270676485e+00 -5.418893544235741641e-43
7.248120300751879519e+00 -4.148455894724217323e-43
7.266917293233082553e+00 -3.175867207943007911e-43
7.285714285714285587e+00 -2.431298000616222103e-43
7.304511278195488622e+00 -1.861290029071807365e-43
7.323308270676691656e+00 -1.424918118405914338e-43
7.342105263157894690e+00 -1.090851835258581894e-43
7.360902255639097724e+00 -8.351060395092947197e-44
7.379699248120300759e+00 -6.393188100193125338e-44
7.398496240601503793e+00 -4.894331037106105042e-44
7.417293233082705939e+00 -3.746874943356796042e-44
7.436090225563908973e+00 -2.868435284560552451e-44
7.454887218045112007e+00 -2.195942246831576982e-44
7.473684210526315042e+00 -1.681112478770277105e-44
7.492481203007518076e+00 -1.286982465205926792e-44
7.511278195488721110e+00 -9.852546374286261095e-45
7.530075187969924144e+00 -7.542656771312546786e-45
7.548872180451127178e+00 -5.774311432657260239e-45
7.567669172932330213e+00 -4.420547498347081380e-45
7.586466165413533247e+00 -3.384168036837302850e-45
7.605263157894736281e+00 -2.590763543618387590e-45
7.624060150375939315e+00 -1.983369521217658147e-45
7.642857142857142350e+00 -1.518376567936836235e-45
7.661654135338345384e+00 -1.162399329724636152e-45
7.680451127819548418e+00 -8.898795136046070296e-46
7.699248120300751452e+00 -6.812508648992114010e-46
7.718045112781954487e+00 -5.215343581132652852e-46
7.736842105263157521e+00 -3.992627396265555451e-46
7.755639097744360555e+00 -3.056572069974343427e-46
7.774436090225563589e+00 -2.339971124699924326e-46
7.793233082706766623e+00 -1.791374369417499200e-46
7.812030075187969658e+00 -1.371393902058304560e-46
7.830827067669172692e+00 -1.049876154705858232e-46
7.849624060150375726e+00 -8.037369413453157870e-47
7.868421052631578760e+00 -6.153040699015686378e-47
7.887218045112781795e+00 -4.710485221740969317e-47
7.906015037593984829e+00 -3.606131034983942693e-47
7.924812030075187863e+00 -2.760688215611912562e-47
7.943609022556390897e+00 -2.113456041913468824e-47
7.962406015037593932e+00 -1.617964830595894315e-47
7.981203007518796966e+00 -1.238639527451475238e-47
8.000000000000000000e+00 -9.482455056826912295e-48
