4.000000000000000222e-01 -2.163504192283177349e-03
4.281407035175879838e-01 1.525072641017641024e-03
4.562814070351758899e-01 2.950275272286445160e-03
4.844221105527638516e-01 3.388807031570231863e-03
5.125628140703517577e-01 3.409674898247870740e-03
5.407035175879397748e-01 3.264428052579522975e-03
5.688442211055276809e-01 3.062635319737116307e-03
5.969849246231155870e-01 2.850688258690614162e-03
6.251256281407034932e-01 2.647114952353435587e-03
6.532663316582913993e-01 2.458349751837323165e-03
6.814070351758794164e-01 2.285733955032618822e-03
7.095477386934673225e-01 2.128592057856237060e-03
7.376884422110552286e-01 1.985559090423659467e-03
7.658291457286432458e-01 1.855134035916846790e-03
7.939698492462311519e-01 1.735894914348522005e-03
8.221105527638190580e-01 1.626569124386553593e-03
8.502512562814070751e-01 1.526044345258705361e-03
8.783919597989949812e-01 1.433357031389122325e-03
9.065326633165828873e-01 1.347674155288564220e-03
9.346733668341707935e-01 1.268274488264045522e-03
9.628140703517588106e-01 1.194531680476739605e-03
9.909547738693467167e-01 1.125899726820668188e-03
1.019095477386934512e+00 1.061900753183723026e-03
1.047236180904522529e+00 1.002114840185860034e-03
1.075376884422110546e+00 9.461715605765543512e-04
1.103517587939698341e+00 8.937429311015111007e-04
1.131658291457286358e+00 8.445375235047125834e-04
1.159798994974874375e+00 7.982955241987648798e-04
1.187939698492462171e+00 7.547845717480950378e-04
1.216080402010050188e+00 7.137962342265517226e-04
1.244221105527638205e+00 6.751430151516877491e-04
1.272361809045226000e+00 6.386557979904276599e-04
1.300502512562814017e+00 6.041816561946154306e-04
1.328643216080402034e+00 5.715819692345236284e-04
1.356783919597989829e+00 5.407307958857730931e-04
1.384924623115577846e+00 5.115134646706125414e-04
1.413065326633165864e+00 4.838253483068934288e-04
1.441206030150753659e+00 4.575707946388988699e-04
1.469346733668341454e+00 4.326621910803174205e-04
1.497487437185929693e+00 4.090191433225327648e-04
1.525628140703517488e+00 3.865677520984816249e-04
1.553768844221105283e+00 3.652399743125247611e-04
1.581909547738693522e+00 3.449730569152057217e-04
1.610050251256281317e+00 3.257090336462335127e-04
1.638190954773869112e+00 3.073942762235243645e-04
1.666331658291457352e+00 2.899790927908037371e-04
1.694472361809045147e+00 2.734173674933766326e-04
1.722613065326632942e+00 2.576662359507750680e-04
1.750753768844221181e+00 2.426857921777791558e-04
1.778894472361808976e+00 2.284388231715754971e-04
1.807035175879396771e+00 2.148905679697427952e-04
1.835175879396985010e+00 2.020084984751423967e-04
1.863316582914572805e+00 1.897621197728530161e-04
1.891457286432160600e+00 1.781227880276481130e-04
1.919597989949748840e+00 1.670635443451636806e-04
1.947738693467336635e+00 1.565589632382019026e-04
1.975879396984924430e+00 1.465850145318438205e-04
2.004020100502512669e+00 1.371189377109756379e-04
2.032160804020100464e+00 1.281391278307817815e-04
2.060301507537688259e+00 1.196250322119171147e-04
2.088442211055276054e+00 1.115570572062369562e-04
2.116582914572864293e+00 1.039164843748279253e-04
2.144723618090452089e+00 9.668539544895046810e-05
2.172864321608039884e+00 8.984660547415629264e-05
2.201005025125628123e+00 8.338360354908756365e-05
2.229145728643215918e+00 7.728050058680439502e-05
2.257286432160803713e+00 7.152198353358020326e-05
2.285427135678391952e+00 6.609327549164755301e-05
2.313567839195979747e+00 6.098010120472425690e-05
2.341708542713567542e+00 5.616865737596844733e-05
2.369849246231155782e+00 5.164558730944358888e-05
2.397989949748743577e+00 4.739795938122154736e-05
2.426130653266331372e+00 4.341324887211190991e-05
2.454271356783919167e+00 3.967932271923729000e-05
2.482412060301507406e+00 3.618442676972501908e-05
2.510552763819095201e+00 3.291717515183291447e-05
2.538693467336682996e+00 2.986654140824409850e-05
2.566834170854271235e+00 2.702185106799907203e-05
2.594974874371859030e+00 2.437277536640211241e-05
2.623115577889446826e+00 2.190932585263601141e-05
2.651256281407035065e+00 1.962184965569401828e-05
2.679396984924622860e+00 1.750102520968828382e-05
2.707537688442210655e+00 1.553785826664787003e-05
2.735678391959798894e+00 1.372367805150653555e-05
2.763819095477386689e+00 1.205013343933771787e-05
2.791959798994974484e+00 1.050918905600135209e-05
2.820100502512562723e+00 9.093121224802358033e-06
2.848241206030150519e+00 7.794513699793198403e-06
2.876381909547738314e+00 6.606253142144559117e-06
2.904522613065326553e+00 5.521524311037291665e-06
2.932663316582914348e+00 4.533804952208760452e-06
2.960804020100502143e+00 3.636860377964883620e-06
2.988944723618089938e+00 2.824737741737203094e-06
3.017085427135678177e+00 2.091760016727498218e-06
3.045226130653265972e+00 1.432519694993171456e-06
3.073366834170853767e+00 8.418722273765471061e-07
3.101507537688442007e+00 3.149292283764313220e-07
3.129648241206029802e+00 -1.529485274371620223e-07
3.157788944723617597e+00 -5.661582889420361285e-07
3.185929648241205836e+00 -9.288626630636540950e-07
3.214070351758793631e+00 -1.244997070388293777e-06
3.242211055276381426e+00 -1.518277292913270855e-06
3.270351758793969665e+00 -1.752207084818440717e-06
3.298492462311557460e+00 -1.950085818776724327e-06
3.326633165829145256e+00 -2.115016140964250207e-06
3.354773869346733495e+00 -2.249911610097550480e-06
3.382914572864321290e+00 -2.357504296578389884e-06
3.411055276381909085e+00 -2.440352320303594194e-06
3.439195979899497324e+00 -2.500847306594528745e-06
3.467336683417085119e+00 -2.541221742847464305e-06
3.495477386934672914e+00 -2.563556217962079294e-06
3.523618090452261153e+00 -2.569786531263871410e-06
3.551758793969848949e+00 -2.561710656596816111e-06
3.579899497487436744e+00 -2.540995550529955117e-06
3.608040201005024983e+00 -2.509183794771153960e-06
3.636180904522612778e+00 -2.467700064196141830e-06
3.664321608040200573e+00 -2.417857413028600662e-06
3.692462311557788368e+00 -2.360863373945312630e-06
3.720603015075376607e+00 -2.297825864565166278e-06
3.748743718592964402e+00 -2.229758898915051389e-06
3.776884422110552197e+00 -2.157588100189496440e-06
3.805025125628140437e+00 -2.082156014045608963e-06
3.833165829145728232e+00 -2.004227221321400059e-06
3.861306532663316027e+00 -1.924493250429290095e-06
3.889447236180904266e+00 -1.843577290126110088e-06
3.917587939698492061e+00 -1.762038703980623305e-06
3.945728643216079856e+00 -1.680377348723537480e-06
3.973869346733668095e+00 -1.599037699104831889e-06
4.002010050251255890e+00 -1.518412781622977094e-06
4.030150753768843686e+00 -1.438847921316700933e-06
4.058291457286432369e+00 -1.360644304875597792e-06
4.086432160804020164e+00 -1.284062364013517982e-06
4.114572864321607959e+00 -1.209324983982756109e-06
4.142713567839195754e+00 -1.136620541143923312e-06
4.170854271356783549e+00 -1.066105774668017859e-06
4.198994974874371344e+00 -9.979084974230161096e-07
4.227135678391960028e+00 -9.321301505381875138e-07
4.255276381909547823e+00 -8.688482074476923909e-07
4.283417085427135618e+00 -8.081184321603281855e-07
4.311557788944723413e+00 -7.499769971076456141e-07
4.339698492462311208e+00 -6.944424660049666457e-07
4.367839195979899003e+00 -6.415176468515665593e-07
4.395979899497486798e+00 -5.911913206677943293e-07
4.424120603015075481e+00 -5.434398506649227558e-07
4.452261306532663276e+00 -4.982286776673500486e-07
4.480402010050251072e+00 -4.555137066109556309e-07
4.508542713567838867e+00 -4.152425893951930412e-07
4.536683417085427550e+00 -3.773559089497528095e-07
4.564824120603015345e+00 -3.417882694048394098e-07
4.592964824120603140e+00 -3.084692976337861556e-07
4.621105527638190935e+00 -2.773245601290071632e-07
4.649246231155778730e+00 -2.482764005535985669e-07
4.677386934673366525e+00 -2.212447020863758385e-07
4.705527638190955209e+00 -1.961475787345945066e-07
4.733668341708543004e+00 -1.729020004408544658e-07
4.761809045226130799e+00 -1.514243551795672895e-07
4.789949748743718594e+00 -1.316309531818052832e-07
4.818090452261306389e+00 -1.134384756644730634e-07
4.846231155778894184e+00 -9.676437302959658376e-08
4.874371859296481979e+00 -8.152721531063609697e-08
4.902512562814070662e+00 -6.764699819361354986e-08
4.930653266331658457e+00 -5.504540856206380514e-08
4.958793969849246253e+00 -4.364605164737442281e-08
4.986934673366834048e+00 -3.337464361351499793e-08
5.015075376884421843e+00 -2.415917162741543886e-08
5.043216080402009638e+00 -1.593002498398862130e-08
5.071356783919598321e+00 -8.620098690730133092e-09
5.099497487437186116e+00 -2.164872718990636486e-09
5.127638190954773911e+00 3.497530733008343560e-09
5.155778894472361706e+00 8.426310906594512464e-09
5.183919597989949501e+00 1.267796959834794463e-08
5.212060301507537297e+00 1.630630900275107678e-08
5.240201005025125980e+00 1.936244398926918197e-08
5.268341708542713775e+00 2.189482733769856589e-08
5.296482412060301570e+00 2.394928633851388850e-08
5.324623115577889365e+00 2.556906898135355668e-08
5.352763819095477160e+00 2.679489947847606442e-08
5.380904522613064955e+00 2.766504051912464199e-08
5.409045226130653639e+00 2.821536202647909807e-08
5.437185929648241434e+00 2.847941514706873224e-08
5.465326633165829229e+00 2.848851035627017772e-08
5.493467336683417024e+00 2.827179909840646017e-08
5.521608040201004819e+00 2.785635775162786380e-08
5.549748743718592614e+00 2.726727373342951661e-08
5.577889447236180409e+00 2.652773250540651218e-08
5.606030150753769092e+00 2.565910532160679188e-08
5.634170854271356887e+00 2.468103688958316694e-08
5.662311557788944683e+00 2.361153278909076810e-08
5.690452261306532478e+00 2.246704590934784404e-08
5.718592964824120273e+00 2.126256168903541406e-08
5.746733668341708068e+00 2.001168186325299459e-08
5.774874371859296751e+00 1.872670618935405170e-08
5.803015075376884546e+00 1.741871253140821132e-08
5.831155778894472341e+00 1.609763420393540985e-08
5.859296482412060136e+00 1.477233505658037890e-08
5.887437185929647931e+00 1.345068220461184500e-08
5.915577889447235727e+00 1.213961576821946920e-08
5.943718592964824410e+00 1.084521586199014741e-08
5.971859296482412205e+00 9.572767060283522725e-09
6.000000000000000000e+00 8.326819602913342807e-09
