5.000000000000000000e-01 2.091939238704284068e-02
5.187969924812030342e-01 2.252909269829840924e-02
5.375939849624060685e-01 2.419928831459690691e-02
5.563909774436089917e-01 2.593010013399678695e-02
5.751879699248120259e-01 2.772165366042515094e-02
5.939849624060150601e-01 2.957407903644812194e-02
6.127819548872179833e-01 3.148751107733809701e-02
6.315789473684210176e-01 3.346208930644588991e-02
6.503759398496240518e-01 3.549795799190473555e-02
6.691729323308270860e-01 3.759526618467594339e-02
6.879699248120301203e-01 3.975416775796897229e-02
7.067669172932330435e-01 4.197482144804019766e-02
7.255639097744360777e-01 4.425739089640826074e-02
7.443609022556391119e-01 4.660204469349660261e-02
7.631578947368420351e-01 4.900895642373142430e-02
7.819548872180450694e-01 5.147830471211706921e-02
8.007518796992481036e-01 5.401027327231731207e-02
8.195488721804511378e-01 5.660505095626234412e-02
8.383458646616541721e-01 5.926283180531504574e-02
8.571428571428570953e-01 6.198381510301716885e-02
8.759398496240601295e-01 6.476820542944973502e-02
8.947368421052631637e-01 6.761621271723519677e-02
9.135338345864660869e-01 7.052805230921027624e-02
9.323308270676691212e-01 7.350394501780271872e-02
9.511278195488721554e-01 7.654411718615143634e-02
9.699248120300751896e-01 7.964880075098489109e-02
9.887218045112782239e-01 8.281823330731168109e-02
1.007518796992481036e+00 8.605265817496129954e-02
1.026315789473684070e+00 8.935232446699246933e-02
1.045112781954887105e+00 9.271748716001694535e-02
1.063909774436090139e+00 9.614840716649521168e-02
1.082706766917293173e+00 9.964535140902301691e-02
1.101503759398496207e+00 1.032085928966507693e-01
1.120300751879699241e+00 1.068384108033047925e-01
1.139097744360902276e+00 1.105350905483110796e-01
1.157894736842105310e+00 1.142989238790976386e-01
1.176691729323308344e+00 1.181302089560908736e-01
1.195488721804511378e+00 1.220292504398068356e-01
1.214285714285714191e+00 1.259963595801780467e-01
1.233082706766917225e+00 1.300318543080263844e-01
1.251879699248120259e+00 1.341360593285835512e-01
1.270676691729323293e+00 1.383093062168720411e-01
1.289473684210526327e+00 1.425519335145587485e-01
1.308270676691729140e+00 1.468642868277497404e-01
1.327067669172932174e+00 1.512467189248843380e-01
1.345864661654135208e+00 1.556995898335047090e-01
1.364661654135338242e+00 1.602232669342617821e-01
1.383458646616541277e+00 1.648181250498772232e-01
1.402255639097744311e+00 1.694845465261337891e-01
1.421052631578947345e+00 1.742229213011607658e-01
1.439849624060150379e+00 1.790336469583167223e-01
1.458646616541353414e+00 1.839171287571108315e-01
1.477443609022556448e+00 1.888737796354280629e-01
1.496240601503759482e+00 1.939040201754060333e-01
1.515037593984962294e+00 1.990082785242076324e-01
1.533834586466165328e+00 2.041869902600570164e-01
1.552631578947368363e+00 2.094405981930923255e-01
1.571428571428571397e+00 2.147695520900071153e-01
1.590225563909774431e+00 2.201743083110460353e-01
1.609022556390977465e+00 2.256553293478965883e-01
1.627819548872180277e+00 2.312130832512125089e-01
1.646616541353383312e+00 2.368480429370640739e-01
1.665413533834586346e+00 2.425606853626059434e-01
1.684210526315789380e+00 2.483514905624384372e-01
1.703007518796992414e+00 2.542209405387615417e-01
1.721804511278195449e+00 2.601695180003703589e-01
1.740601503759398483e+00 2.661977049475980350e-01
1.759398496240601517e+00 2.723059811027891408e-01
1.778195488721804551e+00 2.784948221882736497e-01
1.796992481203007364e+00 2.847646980565053942e-01
1.815789473684210398e+00 2.911160706795978825e-01
1.834586466165413432e+00 2.975493920080242716e-01
1.853383458646616466e+00 3.040651017107630083e-01
1.872180451127819500e+00 3.106636248114007515e-01
1.890977443609022535e+00 3.173453692367194656e-01
1.909774436090225569e+00 3.241107232962252005e-01
1.928571428571428381e+00 3.309600531123280676e-01
1.947368421052631415e+00 3.378937000222563269e-01
1.966165413533834450e+00 3.449119779734234892e-01
1.984962406015037484e+00 3.520151709344827573e-01
2.003759398496240518e+00 3.592035303443394390e-01
2.022556390977443552e+00 3.664772726212603970e-01
2.041353383458646586e+00 3.738365767534094219e-01
2.060150375939849621e+00 3.812815819914883719e-01
2.078947368421052655e+00 3.888123856628525887e-01
2.097744360902255245e+00 3.964290411251173429e-01
2.116541353383458279e+00 4.041315558756828907e-01
2.135338345864661314e+00 4.119198898317898427e-01
2.154135338345864348e+00 4.197939537938603638e-01
2.172932330827067382e+00 4.277536081028086579e-01
2.191729323308270416e+00 4.357986615001141484e-01
2.210526315789473450e+00 4.439288701971608742e-01
2.229323308270676485e+00 4.521439371584908273e-01
2.248120300751879519e+00 4.604435116014715113e-01
2.266917293233082553e+00 4.688271887130169846e-01
2.285714285714285587e+00 4.772945095820382844e-01
2.304511278195488622e+00 4.858449613447426985e-01
2.323308270676691656e+00 4.944779775379922748e-01
2.342105263157894690e+00 5.031929386547638883e-01
2.360902255639097724e+00 5.119891728941650122e-01
2.379699248120300759e+00 5.208659570973930286e-01
2.398496240601503793e+00 5.298225178600874941e-01
2.417293233082706827e+00 5.388580328102539063e-01
2.436090225563909861e+00 5.479716320409246944e-01
2.454887218045112895e+00 5.571623996852982375e-01
2.473684210526315930e+00 5.664293756224910714e-01
2.492481203007518964e+00 5.757715573010545596e-01
2.511278195488721554e+00 5.851879016678290801e-01
2.530075187969924588e+00 5.946773271891341306e-01
2.548872180451127623e+00 6.042387159519627682e-01
2.567669172932330657e+00 6.138709158323254478e-01
2.586466165413533691e+00 6.235727427188227923e-01
2.605263157894736725e+00 6.333429827793859435e-01
2.624060150375939759e+00 6.431803947597655169e-01
2.642857142857142794e+00 6.530837123027583013e-01
2.661654135338345828e+00 6.630516462775932762e-01
2.680451127819548862e+00 6.730828871097030985e-01
2.699248120300751896e+00 6.831761071013248143e-01
2.718045112781954931e+00 6.933299627342810467e-01
2.736842105263157965e+00 7.035430969469010920e-01
2.755639097744360555e+00 7.138141413773080313e-01
2.774436090225563589e+00 7.241417185665978140e-01
2.793233082706766623e+00 7.345244441152741777e-01
2.812030075187969658e+00 7.449609287876294283e-01
2.830827067669172692e+00 7.554497805589208692e-01
2.849624060150375726e+00 7.659896066009543869e-01
2.868421052631578760e+00 7.765790152022109538e-01
2.887218045112781795e+00 7.872166176192864073e-01
2.906015037593984829e+00 7.979010298568173232e-01
2.924812030075187863e+00 8.086308743735803883e-01
2.943609022556390897e+00 8.194047817130858391e-01
2.962406015037593932e+00 8.302213920571803740e-01
2.981203007518796966e+00 8.410793567017649242e-01
3.000000000000000000e+00 8.519773394541552136e-01
3.018796992481203034e+00 8.629140179515835118e-01
3.037593984962406068e+00 8.738880849014336594e-01
3.056390977443609103e+00 8.848982492431101132e-01
3.075187969924811693e+00 8.959432372327030825e-01
3.093984962406014727e+00 9.070217934510148572e-01
3.112781954887217761e+00 9.181326817363902881e-01
3.131578947368420796e+00 9.292746860434694112e-01
3.150375939849623830e+00 9.404466112297032998e-01
3.169172932330826864e+00 9.516472837709176735e-01
3.187969924812029898e+00 9.628755524081258343e-01
3.206766917293232932e+00 9.741302887272801359e-01
3.225563909774435967e+00 9.854103876740585299e-01
3.244360902255639001e+00 9.967147680058229264e-01
3.263157894736842035e+00 1.008042372682873999e+00
3.281954887218045069e+00 1.019392169201174259e+00
3.300751879699248104e+00 1.030763149868962003e+00
3.319548872180451138e+00 1.042154332029227026e+00
3.338345864661654172e+00 1.053564758230695952e+00
3.357142857142856762e+00 1.064993496349276425e+00
3.375939849624059796e+00 1.076439639662483794e+00
3.394736842105262831e+00 1.087902306878945069e+00
3.413533834586465865e+00 1.099380642125486141e+00
3.432330827067668899e+00 1.110873814893495126e+00
3.451127819548871933e+00 1.122381019947465530e+00
3.469924812030074968e+00 1.133901477197249319e+00
3.488721804511278002e+00 1.145434431536434428e+00
3.507518796992481036e+00 1.156979152648792919e+00
3.526315789473684070e+00 1.168534934785021573e+00
3.545112781954887105e+00 1.180101096511235292e+00
3.563909774436090139e+00 1.191676980431868316e+00
3.582706766917293173e+00 1.203261952887996200e+00
3.601503759398496207e+00 1.214855403633714026e+00
3.620300751879699241e+00 1.226456745491543820e+00
3.639097744360902276e+00 1.238065413989155150e+00
3.657894736842105310e+00 1.249680866978597482e+00
3.676691729323307900e+00 1.261302584240022506e+00
3.695488721804510934e+00 1.272930067070908056e+00
3.714285714285713969e+00 1.284562837862806672e+00
3.733082706766917003e+00 1.296200439666493676e+00
3.751879699248120037e+00 1.307842435747147203e+00
3.770676691729323071e+00 1.319488409130888495e+00
3.789473684210526105e+00 1.331137962143789988e+00
3.808270676691729140e+00 1.342790715944323532e+00
3.827067669172932174e+00 1.354446310050988922e+00
3.845864661654135208e+00 1.366104401865519513e+00
3.864661654135338242e+00 1.377764666193146637e+00
3.883458646616541277e+00 1.389426794760529660e+00
3.902255639097744311e+00 1.401090495732823626e+00
3.921052631578947345e+00 1.412755493229990167e+00
3.939849624060150379e+00 1.424421526843966168e+00
3.958646616541352969e+00 1.436088351156922682e+00
3.977443609022556004e+00 1.447755735261637478e+00
3.996240601503759038e+00 1.459423462284521467e+00
4.015037593984962072e+00 1.471091328912025986e+00
4.033834586466165106e+00 1.482759144921177663e+00
4.052631578947368141e+00 1.494426732714531303e+00
4.071428571428571175e+00 1.506093926860298859e+00
4.090225563909774209e+00 1.517760573638118338e+00
4.109022556390977243e+00 1.529426530590776601e+00
4.127819548872180277e+00 1.541091666082673672e+00
4.146616541353383312e+00 1.552755858864914407e+00
4.165413533834586346e+00 1.564418997647906151e+00
4.184210526315789380e+00 1.576080980681362265e+00
4.203007518796992414e+00 1.587741715342360527e+00
4.221804511278195449e+00 1.599401117731505506e+00
4.240601503759398483e+00 1.611059112277457794e+00
4.259398496240601517e+00 1.622715631350193366e+00
4.278195488721804551e+00 1.634370614883076334e+00
4.296992481203007586e+00 1.646024010003783955e+00
4.315789473684210620e+00 1.657675770674565285e+00
4.334586466165413654e+00 1.669325857341578567e+00
4.353383458646616688e+00 1.680974236593661075e+00
4.372180451127819723e+00 1.692620880830466135e+00
4.390977443609022757e+00 1.704265767940111420e+00
4.409774436090225791e+00 1.715908880986278584e+00
4.428571428571428825e+00 1.727550207904855473e+00
4.447368421052631859e+00 1.739189741210083406e+00
4.466165413533834894e+00 1.750827477710259261e+00
4.484962406015037928e+00 1.762463418232770973e+00
4.503759398496240074e+00 1.774097567358655647e+00
4.522556390977443108e+00 1.785729933166523287e+00
4.541353383458646142e+00 1.797360526985567475e+00
4.560150375939849177e+00 1.808989363158041153e+00
4.578947368421052211e+00 1.820616458810532468e+00
4.597744360902255245e+00 1.832241833634413286e+00
4.616541353383458279e+00 1.843865509675059355e+00
4.635338345864661314e+00 1.855487511129734646e+00
4.654135338345864348e+00 1.867107864154156305e+00
4.672932330827067382e+00 1.878726596677397387e+00
4.691729323308270416e+00 1.890343738225134018e+00
4.710526315789473450e+00 1.901959319750939681e+00
4.729323308270676485e+00 1.913573373475610406e+00
4.748120300751879519e+00 1.925185932734133409e+00
4.766917293233082553e+00 1.936797031830377325e+00
4.785714285714285587e+00 1.948406705899116353e+00
4.804511278195488622e+00 1.960014990775361010e+00
4.823308270676691656e+00 1.971621922870584687e+00
4.842105263157894690e+00 1.983227539055965272e+00
4.860902255639097724e+00 1.994831876552216610e+00
4.879699248120300759e+00 2.006434972825763552e+00
4.898496240601503793e+00 2.018036865491429577e+00
4.917293233082706827e+00 2.029637592221058551e+00
4.936090225563909861e+00 2.041237190657807510e+00
4.954887218045112895e+00 2.052835698336553882e+00
4.973684210526315930e+00 2.064433152609494559e+00
4.992481203007518964e+00 2.076029590577049611e+00
5.011278195488721110e+00 2.087625049023877910e+00
5.030075187969924144e+00 2.099219564359916745e+00
5.048872180451127178e+00 2.110813172565963569e+00
5.067669172932330213e+00 2.122405909143886049e+00
5.086466165413533247e+00 2.133997809071126017e+00
5.105263157894736281e+00 2.145588906759400061e+00
5.124060150375939315e+00 2.157179236017273904e+00
5.142857142857142350e+00 2.168768830016799321e+00
5.161654135338345384e+00 2.180357721263295190e+00
5.180451127819548418e+00 2.191945941569102718e+00
5.199248120300751452e+00 2.203533522030351577e+00
5.218045112781954487e+00 2.215120493006784930e+00
5.236842105263157521e+00 2.226706884104718842e+00
5.255639097744360555e+00 2.238292724162761704e+00
5.274436090225563589e+00 2.249878041240124027e+00
5.293233082706766623e+00 2.261462862607423130e+00
5.312030075187969658e+00 2.273047214739936983e+00
5.330827067669172692e+00 2.284631123313035861e+00
5.349624060150375726e+00 2.296214613199638599e+00
5.368421052631578760e+00 2.307797708469768949e+00
5.387218045112781795e+00 2.319380432391650704e+00
5.406015037593984829e+00 2.330962807434890038e+00
5.424812030075187863e+00 2.342544855274900417e+00
5.443609022556390897e+00 2.354126596798943982e+00
5.462406015037593932e+00 2.365708052113663751e+00
5.481203007518796966e+00 2.377289240553429828e+00
5.500000000000000000e+00 2.388870180690361611e+00
5.518796992481203034e+00 2.400450890345022792e+00
5.537593984962406068e+00 2.412031386598270100e+00
5.556390977443609103e+00 2.423611685803786830e+00
5.575187969924812137e+00 2.435191803601616467e+00
5.593984962406015171e+00 2.446771754932176801e+00
5.612781954887218205e+00 2.458351554051146248e+00
5.631578947368420351e+00 2.469931214544516251e+00
5.650375939849623386e+00 2.481510749344489231e+00
5.669172932330826420e+00 2.493090170745539513e+00
5.687969924812029454e+00 2.504669490421040923e+00
5.706766917293232488e+00 2.516248719439763804e+00
5.725563909774435523e+00 2.527827868283173185e+00
5.744360902255638557e+00 2.539406946862451164e+00
5.763157894736841591e+00 2.550985964535654738e+00
5.781954887218044625e+00 2.562564930125262652e+00
5.800751879699247660e+00 2.574143851935478011e+00
5.819548872180450694e+00 2.585722737769485136e+00
5.838345864661653728e+00 2.597301594946956449e+00
5.857142857142856762e+00 2.608880430321069532e+00
5.875939849624059796e+00 2.620459250295741782e+00
5.894736842105262831e+00 2.632038060842529781e+00
5.913533834586465865e+00 2.643616867517368796e+00
5.932330827067668899e+00 2.655195675477069361e+00
5.951127819548871933e+00 2.666774489495813416e+00
5.969924812030074968e+00 2.678353313980994077e+00
5.988721804511278002e+00 2.689932152989151781e+00
6.007518796992481036e+00 2.701511010241487654e+00
6.026315789473684070e+00 2.713089889138914135e+00
6.045112781954887105e+00 2.724668792777021675e+00
6.063909774436090139e+00 2.736247723960709255e+00
6.082706766917293173e+00 2.747826685218155429e+00
6.101503759398496207e+00 2.759405678814831120e+00
6.120300751879699241e+00 2.770984706766901340e+00
6.139097744360902276e+00 2.782563770854347585e+00
6.157894736842105310e+00 2.794142872633721630e+00
6.176691729323308344e+00 2.805722013450525854e+00
6.195488721804511378e+00 2.817301194451095281e+00
6.214285714285713524e+00 2.828880416594314440e+00
6.233082706766916559e+00 2.840459680662789754e+00
6.251879699248119593e+00 2.852038987273704862e+00
6.270676691729322627e+00 2.863618336889130145e+00
6.289473684210525661e+00 2.875197729826443727e+00
6.308270676691728696e+00 2.886777166267582295e+00
6.327067669172931730e+00 2.898356646268798631e+00
6.345864661654134764e+00 2.909936169769367087e+00
6.364661654135337798e+00 2.921515736600262869e+00
6.383458646616540832e+00 2.933095346492377242e+00
6.402255639097743867e+00 2.944674999084450295e+00
6.421052631578946901e+00 2.956254693930622679e+00
6.439849624060149935e+00 2.967834430507610755e+00
6.458646616541352969e+00 2.979414208221542459e+00
6.477443609022556004e+00 2.990994026414532936e+00
6.496240601503759038e+00 3.002573884371019464e+00
6.515037593984962072e+00 3.014153781323499981e+00
6.533834586466165106e+00 3.025733716458315570e+00
6.552631578947368141e+00 3.037313688920864063e+00
6.571428571428571175e+00 3.048893697820632465e+00
6.590225563909774209e+00 3.060473742236090366e+00
6.609022556390977243e+00 3.072053821219026037e+00
6.627819548872180277e+00 3.083633933798798132e+00
6.646616541353383312e+00 3.095214078986428419e+00
6.665413533834586346e+00 3.106794255778299707e+00
6.684210526315789380e+00 3.118374463159406584e+00
6.703007518796992414e+00 3.129954700107099974e+00
6.721804511278195449e+00 3.141534965593697049e+00
6.740601503759398483e+00 3.153115258589570757e+00
6.759398496240601517e+00 3.164695578065719772e+00
6.778195488721804551e+00 3.176275922996100842e+00
6.796992481203007586e+00 3.187856292360307098e+00
6.815789473684210620e+00 3.199436685144986026e+00
6.834586466165412766e+00 3.211017100346353903e+00
6.853383458646615800e+00 3.222597536971641752e+00
6.872180451127818834e+00 3.234177994040810411e+00
6.890977443609021869e+00 3.245758470587889910e+00
6.909774436090224903e+00 3.257338965662405883e+00
6.928571428571427937e+00 3.268919478330442718e+00
6.947368421052630971e+00 3.280500007675795082e+00
6.966165413533834005e+00 3.292080552800876081e+00
6.984962406015037040e+00 3.303661112827450452e+00
7.003759398496240074e+00 3.315241686897418827e+00
7.022556390977443108e+00 3.326822274173507399e+00
7.041353383458646142e+00 3.338402873839517060e+00
7.060150375939849177e+00 3.349983485101021063e+00
7.078947368421052211e+00 3.361564107185540440e+00
7.097744360902255245e+00 3.373144739342937015e+00
7.116541353383458279e+00 3.384725380845452047e+00
7.135338345864661314e+00 3.396306030987843450e+00
7.154135338345864348e+00 3.407886689087633592e+00
7.172932330827067382e+00 3.419467354484818866e+00
7.191729323308270416e+00 3.431048026542052209e+00
7.210526315789473450e+00 3.442628704644372650e+00
7.229323308270676485e+00 3.454209388199031228e+00
7.248120300751879519e+00 3.465790076635519856e+00
7.266917293233082553e+00 3.477370769405021544e+00
7.285714285714285587e+00 3.488951465980356215e+00
7.304511278195488622e+00 3.500532165855616551e+00
7.323308270676691656e+00 3.512112868545748334e+00
7.342105263157894690e+00 3.523693573586261341e+00
7.360902255639097724e+00 3.535274280532889168e+00
7.379699248120300759e+00 3.546854988960999933e+00
7.398496240601503793e+00 3.558435698465398644e+00
7.417293233082705939e+00 3.570016408659721030e+00
7.436090225563908973e+00 3.581597119175996990e+00
7.454887218045112007e+00 3.593177829664265133e+00
7.473684210526315042e+00 3.604758539792006111e+00
7.492481203007518076e+00 3.616339249243668341e+00
7.511278195488721110e+00 3.627919957720300737e+00
7.530075187969924144e+00 3.639500664938837282e+00
7.548872180451127178e+00 3.651081370631758638e+00
7.567669172932330213e+00 3.662662074546544133e+00
7.586466165413533247e+00 3.674242776445202807e+00
7.605263157894736281e+00 3.685823476103730290e+00
7.624060150375939315e+00 3.697404173311640285e+00
7.642857142857142350e+00 3.708984867871482294e+00
7.661654135338345384e+00 3.720565559598286054e+00
7.680451127819548418e+00 3.732146248319187176e+00
7.699248120300751452e+00 3.743726933872867590e+00
7.718045112781954487e+00 3.755307616109137214e+00
7.736842105263157521e+00 3.766888294888371735e+00
7.755639097744360555e+00 3.778468970081250600e+00
7.774436090225563589e+00 3.790049641568153937e+00
7.793233082706766623e+00 3.801630309238707817e+00
7.812030075187969658e+00 3.813210972991512016e+00
7.830827067669172692e+00 3.824791632733562263e+00
7.849624060150375726e+00 3.836372288379980233e+00
7.868421052631578760e+00 3.847952939853511722e+00
7.887218045112781795e+00 3.859533587084217565e+00
7.906015037593984829e+00 3.871114230009006896e+00
7.924812030075187863e+00 3.882694868571377800e+00
7.943609022556390897e+00 3.894275502721030957e+00
7.962406015037593932e+00 3.905856132413473514e+00
7.981203007518796966e+00 3.917436757609742415e+00
8.000000000000000000e+00 3.929017378276081995e+00
